complex_id,file,scoring_function,total,lig_inter,flex_inter,other_inter,flex_intra,lig_intra,torsions,best_pose_lig_intra
8czk,ranked_0.pdb,vina,2.060,-3.144, 0.000, 0.000, 0.000, 2.366, 1.084, 2.366
8czk,ranked_0.pdb,vinardo,0.433,-0.660, 0.000, 0.000, 0.000, 1.579, 0.228, 1.579
8czk,ranked_1.pdb,vina,1.306,-1.993, 0.000, 0.000, 0.000, 2.462, 0.687, 2.462
8czk,ranked_1.pdb,vinardo,0.706, 1.077, 0.000, 0.000, 0.000, 1.614,-0.371, 1.614
8czk,ranked_2.pdb,vina,1.683,-2.568, 0.000, 0.000, 0.000, 2.651, 0.885, 2.651
8czk,ranked_2.pdb,vinardo,0.164, 0.250, 0.000, 0.000, 0.000, 1.799,-0.086, 1.799
8czk,ranked_3.pdb,vina,1.332, 2.033, 0.000, 0.000, 0.000, 2.558,-0.701, 2.558
8czk,ranked_3.pdb,vinardo,4.119, 6.285, 0.000, 0.000, 0.000, 1.758,-2.167, 1.758
8czk,ranked_4.pdb,vina,1.188,-1.812, 0.000, 0.000, 0.000, 2.925, 0.625, 2.925
8czk,ranked_4.pdb,vinardo,0.805, 1.229, 0.000, 0.000, 0.000, 2.025,-0.424, 2.025
8czk,ranked_5.pdb,vina,1.170,-1.785, 0.000, 0.000, 0.000, 3.004, 0.615, 3.004
8czk,ranked_5.pdb,vinardo,0.794, 1.212, 0.000, 0.000, 0.000, 2.102,-0.418, 2.102
8czk,ranked_6.pdb,vina,0.284, 0.434, 0.000, 0.000, 0.000, 2.404,-0.149, 2.404
8czk,ranked_6.pdb,vinardo,2.835, 4.327, 0.000, 0.000, 0.000, 1.636,-1.492, 1.636
8czk,ranked_7.pdb,vina,2.500, 3.815, 0.000, 0.000, 0.000, 2.337,-1.315, 2.337
8czk,ranked_7.pdb,vinardo,5.666, 8.647, 0.000, 0.000, 0.000, 1.580,-2.981, 1.580
8czk,ranked_8.pdb,vina,1.091, 1.664, 0.000, 0.000, 0.000, 2.593,-0.574, 2.593
8czk,ranked_8.pdb,vinardo,3.766, 5.748, 0.000, 0.000, 0.000, 1.796,-1.982, 1.796
8czk,ranked_9.pdb,vina,4.672, 7.130, 0.000, 0.000, 0.000, 2.297,-2.458, 2.297
8czk,ranked_9.pdb,vinardo,8.361,12.760, 0.000, 0.000, 0.000, 1.550,-4.399, 1.550
8czk,ranked_10.pdb,vina,1.396, 2.130, 0.000, 0.000, 0.000, 2.399,-0.734, 2.399
8czk,ranked_10.pdb,vinardo,4.224, 6.447, 0.000, 0.000, 0.000, 1.631,-2.222, 1.631
8czk,ranked_11.pdb,vina,0.369, 0.563, 0.000, 0.000, 0.000, 2.598,-0.194, 2.598
8czk,ranked_11.pdb,vinardo,2.800, 4.273, 0.000, 0.000, 0.000, 1.795,-1.473, 1.795
8czk,ranked_12.pdb,vina,0.416,-0.634, 0.000, 0.000, 0.000, 1.965, 0.219, 1.965
8czk,ranked_12.pdb,vinardo,1.784, 2.722, 0.000, 0.000, 0.000, 1.187,-0.938, 1.187
8czk,ranked_13.pdb,vina,0.182,-0.278, 0.000, 0.000, 0.000, 2.283, 0.096, 2.283
8czk,ranked_13.pdb,vinardo,1.969, 3.004, 0.000, 0.000, 0.000, 1.542,-1.036, 1.542
8czk,ranked_14.pdb,vina,1.354, 2.066, 0.000, 0.000, 0.000, 2.551,-0.712, 2.551
8czk,ranked_14.pdb,vinardo,3.923, 5.987, 0.000, 0.000, 0.000, 1.765,-2.064, 1.765
8czk,ranked_15.pdb,vina,0.979, 1.495, 0.000, 0.000, 0.000, 2.082,-0.515, 2.082
8czk,ranked_15.pdb,vinardo,3.430, 5.235, 0.000, 0.000, 0.000, 1.374,-1.805, 1.374
8czk,ranked_16.pdb,vina,2.071, 3.160, 0.000, 0.000, 0.000, 2.237,-1.089, 2.237
8czk,ranked_16.pdb,vinardo,5.025, 7.669, 0.000, 0.000, 0.000, 1.498,-2.644, 1.498
8czk,ranked_17.pdb,vina,0.224, 0.343, 0.000, 0.000, 0.000, 2.381,-0.118, 2.381
8czk,ranked_17.pdb,vinardo,2.385, 3.640, 0.000, 0.000, 0.000, 1.626,-1.255, 1.626
8czk,ranked_18.pdb,vina,0.424, 0.647, 0.000, 0.000, 0.000, 2.139,-0.223, 2.139
8czk,ranked_18.pdb,vinardo,2.737, 4.177, 0.000, 0.000, 0.000, 1.410,-1.440, 1.410
8czk,ranked_19.pdb,vina,0.867, 1.323, 0.000, 0.000, 0.000, 2.191,-0.456, 2.191
8czk,ranked_19.pdb,vinardo,3.398, 5.186, 0.000, 0.000, 0.000, 1.451,-1.788, 1.451
8czk,ranked_20.pdb,vina,2.534, 3.868, 0.000, 0.000, 0.000, 2.195,-1.333, 2.195
8czk,ranked_20.pdb,vinardo,5.786, 8.830, 0.000, 0.000, 0.000, 1.464,-3.044, 1.464
8czk,ranked_21.pdb,vina,3.045, 4.646, 0.000, 0.000, 0.000, 2.267,-1.602, 2.267
8czk,ranked_21.pdb,vinardo,6.307, 9.625, 0.000, 0.000, 0.000, 1.526,-3.318, 1.526
8czk,ranked_22.pdb,vina,1.309, 1.998, 0.000, 0.000, 0.000, 1.637,-0.689, 1.637
8czk,ranked_22.pdb,vinardo,4.077, 6.222, 0.000, 0.000, 0.000, 0.928,-2.145, 0.928
8czk,ranked_23.pdb,vina,4.803,10.139, 0.000, 0.000, 0.000, 5.721,-5.335, 5.721
8czk,ranked_23.pdb,vinardo, 9.087, 19.180,  0.000,  0.000,  0.000,  4.829,-10.093,  4.829
8czk,ranked_24.pdb,vina,3.820, 5.830, 0.000, 0.000, 0.000, 2.095,-2.010, 2.095
8czk,ranked_24.pdb,vinardo,7.404,11.300, 0.000, 0.000, 0.000, 1.381,-3.896, 1.381
8czk,ranked_25.pdb,vina,2.246, 3.428, 0.000, 0.000, 0.000, 1.880,-1.182, 1.880
8czk,ranked_25.pdb,vinardo,5.123, 7.818, 0.000, 0.000, 0.000, 1.202,-2.695, 1.202
8czk,ranked_26.pdb,vina,8.500,17.941, 0.000, 0.000, 0.000, 4.856,-9.441, 4.856
8czk,ranked_26.pdb,vinardo,13.382, 28.246,  0.000,  0.000,  0.000,  3.956,-14.864,  3.956
8czk,ranked_27.pdb,vina,6.290, 9.599, 0.000, 0.000, 0.000, 1.777,-3.309, 1.777
8czk,ranked_27.pdb,vinardo,0.401,15.873, 0.000, 0.000, 0.000, 1.106,-5.472, 1.106
8czk,ranked_28.pdb,vina,1.545, 2.358, 0.000, 0.000, 0.000, 2.161,-0.813, 2.161
8czk,ranked_28.pdb,vinardo,4.257, 6.496, 0.000, 0.000, 0.000, 1.434,-2.240, 1.434
8czk,ranked_29.pdb,vina,0.787, 1.201, 0.000, 0.000, 0.000, 2.190,-0.414, 2.190
8czk,ranked_29.pdb,vinardo,3.226, 4.923, 0.000, 0.000, 0.000, 1.454,-1.697, 1.454
8czk,ranked_30.pdb,vina,0.686, 1.047, 0.000, 0.000, 0.000, 2.518,-0.361, 2.518
8czk,ranked_30.pdb,vinardo,3.040, 4.639, 0.000, 0.000, 0.000, 1.730,-1.599, 1.730
8czk,ranked_31.pdb,vina,6.974,14.721, 0.000, 0.000, 0.000, 4.734,-7.746, 4.734
8czk,ranked_31.pdb,vinardo,11.664, 24.619,  0.000,  0.000,  0.000,  3.814,-12.955,  3.814
8czk,ranked_32.pdb,vina,4.418, 6.742, 0.000, 0.000, 0.000, 2.106,-2.324, 2.106
8czk,ranked_32.pdb,vinardo,8.129,12.406, 0.000, 0.000, 0.000, 1.392,-4.277, 1.392
8czk,ranked_33.pdb,vina,1.969, 3.005, 0.000, 0.000, 0.000, 2.507,-1.036, 2.507
8czk,ranked_33.pdb,vinardo,4.626, 7.059, 0.000, 0.000, 0.000, 1.725,-2.434, 1.725
8czk,ranked_34.pdb,vina,5.017, 7.656, 0.000, 0.000, 0.000, 1.846,-2.639, 1.846
8czk,ranked_34.pdb,vinardo,8.376,12.782, 0.000, 0.000, 0.000, 1.182,-4.407, 1.182
8czk,ranked_35.pdb,vina,11.444, 24.156,  0.000,  0.000,  0.000,  5.051,-12.712,  5.051
8czk,ranked_35.pdb,vinardo,16.912, 35.697,  0.000,  0.000,  0.000,  4.204,-18.785,  4.204
8czk,ranked_36.pdb,vina,0.307, 0.468, 0.000, 0.000, 0.000, 2.402,-0.161, 2.402
8czk,ranked_36.pdb,vinardo,2.303, 3.515, 0.000, 0.000, 0.000, 1.640,-1.212, 1.640
8czk,ranked_37.pdb,vina,7.247,11.060, 0.000, 0.000, 0.000, 1.817,-3.813, 1.817
8czk,ranked_37.pdb,vinardo,1.653,17.784, 0.000, 0.000, 0.000, 1.146,-6.131, 1.146
8czk,ranked_38.pdb,vina,0.349, 0.533, 0.000, 0.000, 0.000, 2.201,-0.184, 2.201
8czk,ranked_38.pdb,vinardo,2.592, 3.955, 0.000, 0.000, 0.000, 1.466,-1.364, 1.466
8czk,ranked_39.pdb,vina,3.253, 4.964, 0.000, 0.000, 0.000, 2.234,-1.711, 2.234
8czk,ranked_39.pdb,vinardo,6.387, 9.748, 0.000, 0.000, 0.000, 1.497,-3.361, 1.497
8czk,ranked_40.pdb,vina,9.636,14.705, 0.000, 0.000, 0.000, 1.508,-5.070, 1.508
8czk,ranked_40.pdb,vinardo,4.154,21.601, 0.000, 0.000, 0.000, 0.900,-7.447, 0.900
8czk,ranked_41.pdb,vina,8.608,13.137, 0.000, 0.000, 0.000, 1.762,-4.529, 1.762
8czk,ranked_41.pdb,vinardo,3.252,20.225, 0.000, 0.000, 0.000, 1.107,-6.973, 1.107
8czk,ranked_42.pdb,vina,6.825,10.415, 0.000, 0.000, 0.000, 1.838,-3.591, 1.838
8czk,ranked_42.pdb,vinardo,1.192,17.081, 0.000, 0.000, 0.000, 1.172,-5.889, 1.172
8czk,ranked_43.pdb,vina,8.540,13.034, 0.000, 0.000, 0.000, 1.793,-4.493, 1.793
8czk,ranked_43.pdb,vinardo,3.174,20.106, 0.000, 0.000, 0.000, 1.121,-6.931, 1.121
8czk,ranked_44.pdb,vina,8.708,13.289, 0.000, 0.000, 0.000, 1.681,-4.582, 1.681
8czk,ranked_44.pdb,vinardo,3.429,20.495, 0.000, 0.000, 0.000, 1.030,-7.066, 1.030
8czk,ranked_45.pdb,vina,0.952, 1.453, 0.000, 0.000, 0.000, 2.464,-0.501, 2.464
8czk,ranked_45.pdb,vinardo,3.384, 5.165, 0.000, 0.000, 0.000, 1.695,-1.781, 1.695
8czk,ranked_46.pdb,vina,7.624,11.635, 0.000, 0.000, 0.000, 1.391,-4.011, 1.391
8czk,ranked_46.pdb,vinardo,2.274,18.732, 0.000, 0.000, 0.000, 0.795,-6.458, 0.795
8czk,ranked_47.pdb,vina,0.520, 0.794, 0.000, 0.000, 0.000, 2.284,-0.274, 2.284
8czk,ranked_47.pdb,vinardo,2.533, 3.865, 0.000, 0.000, 0.000, 1.534,-1.333, 1.534
8czk,ranked_48.pdb,vina,1.173,17.052, 0.000, 0.000, 0.000, 1.477,-5.879, 1.477
8czk,ranked_48.pdb,vinardo,6.243,24.789, 0.000, 0.000, 0.000, 0.881,-8.546, 0.881
8czk,ranked_49.pdb,vina,0.450,15.949, 0.000, 0.000, 0.000, 1.318,-5.498, 1.318
8czk,ranked_49.pdb,vinardo,5.817,24.138, 0.000, 0.000, 0.000, 0.752,-8.322, 0.752
8czk,ranked_50.pdb,vina,22.046, 33.646,  0.000,  0.000,  0.000,  0.574,-11.600,  0.574
8czk,ranked_50.pdb,vinardo,29.156, 44.496,  0.000,  0.000,  0.000,  0.158,-15.340,  0.158
8czk,ranked_51.pdb,vina,0.765, 1.168, 0.000, 0.000, 0.000, 2.261,-0.403, 2.261
8czk,ranked_51.pdb,vinardo,2.507, 3.826, 0.000, 0.000, 0.000, 1.513,-1.319, 1.513
8czk,ranked_52.pdb,vina,9.632,14.700, 0.000, 0.000, 0.000, 1.323,-5.068, 1.323
8czk,ranked_52.pdb,vinardo,4.932,22.789, 0.000, 0.000, 0.000, 0.752,-7.856, 0.752
8czk,ranked_53.pdb,vina,9.310,14.208, 0.000, 0.000, 0.000, 1.427,-4.898, 1.427
8czk,ranked_53.pdb,vinardo,4.344,21.890, 0.000, 0.000, 0.000, 0.827,-7.547, 0.827
8czk,ranked_54.pdb,vina,4.865, 7.425, 0.000, 0.000, 0.000, 1.885,-2.560, 1.885
8czk,ranked_54.pdb,vinardo,8.534,13.025, 0.000, 0.000, 0.000, 1.196,-4.490, 1.196
8czk,ranked_55.pdb,vina,9.293,14.183, 0.000, 0.000, 0.000, 1.511,-4.890, 1.511
8czk,ranked_55.pdb,vinardo,4.290,21.809, 0.000, 0.000, 0.000, 0.881,-7.519, 0.881
8czk,ranked_56.pdb,vina,8.646,13.195, 0.000, 0.000, 0.000, 1.876,-4.549, 1.876
8czk,ranked_56.pdb,vinardo,3.169,20.098, 0.000, 0.000, 0.000, 1.186,-6.929, 1.186
8czk,ranked_57.pdb,vina,7.552,11.526, 0.000, 0.000, 0.000, 1.618,-3.973, 1.618
8czk,ranked_57.pdb,vinardo,2.310,18.787, 0.000, 0.000, 0.000, 1.005,-6.477, 1.005
8czk,ranked_58.pdb,vina,4.683,22.408, 0.000, 0.000, 0.000, 1.358,-7.725, 1.358
8czk,ranked_58.pdb,vinardo,20.624, 31.475,  0.000,  0.000,  0.000,  0.809,-10.851,  0.809
8czk,ranked_59.pdb,vina,6.910,10.546, 0.000, 0.000, 0.000, 1.448,-3.636, 1.448
8czk,ranked_59.pdb,vinardo,0.624,16.214, 0.000, 0.000, 0.000, 0.852,-5.590, 0.852
8czk,ranked_60.pdb,vina,1.580, 2.411, 0.000, 0.000, 0.000, 2.287,-0.831, 2.287
8czk,ranked_60.pdb,vinardo,3.795, 5.792, 0.000, 0.000, 0.000, 1.540,-1.997, 1.540
8czk,ranked_61.pdb,vina,7.546,11.516, 0.000, 0.000, 0.000, 1.384,-3.970, 1.384
8czk,ranked_61.pdb,vinardo,2.413,18.944, 0.000, 0.000, 0.000, 0.791,-6.531, 0.791
8czk,ranked_62.pdb,vina,9.194,14.031, 0.000, 0.000, 0.000, 1.450,-4.837, 1.450
8czk,ranked_62.pdb,vinardo,2.858,19.624, 0.000, 0.000, 0.000, 0.848,-6.765, 0.848
8czk,ranked_63.pdb,vina,2.490,19.061, 0.000, 0.000, 0.000, 1.475,-6.571, 1.475
8czk,ranked_63.pdb,vinardo,7.799,27.164, 0.000, 0.000, 0.000, 0.862,-9.365, 0.862
8czk,ranked_64.pdb,vina,2.131, 3.253, 0.000, 0.000, 0.000, 1.740,-1.121, 1.740
8czk,ranked_64.pdb,vinardo,5.087, 7.763, 0.000, 0.000, 0.000, 1.000,-2.676, 1.000
8czk,ranked_65.pdb,vina,0.510, 0.778, 0.000, 0.000, 0.000, 2.182,-0.268, 2.182
8czk,ranked_65.pdb,vinardo,2.626, 4.008, 0.000, 0.000, 0.000, 1.431,-1.382, 1.431
8czk,ranked_66.pdb,vina,0.337,15.776, 0.000, 0.000, 0.000, 1.620,-5.439, 1.620
8czk,ranked_66.pdb,vinardo,5.202,23.200, 0.000, 0.000, 0.000, 0.988,-7.998, 0.988
8czk,ranked_67.pdb,vina,4.319, 6.591, 0.000, 0.000, 0.000, 0.976,-2.272, 0.976
8czk,ranked_67.pdb,vinardo,8.480,12.942, 0.000, 0.000, 0.000, 0.442,-4.462, 0.442
8czk,ranked_68.pdb,vina,4.572,17.127, 0.000, 0.000, 0.000,-0.050,-2.556,-0.050
8czk,ranked_68.pdb,vinardo,8.779,22.072, 0.000, 0.000, 0.000,-0.125,-3.293,-0.125
8czk,ranked_69.pdb,vina,8.795,13.423, 0.000, 0.000, 0.000, 1.475,-4.627, 1.475
8czk,ranked_69.pdb,vinardo,2.860,19.625, 0.000, 0.000, 0.000, 0.876,-6.766, 0.876
8czk,ranked_70.pdb,vina,2.494, 3.806, 0.000, 0.000, 0.000, 1.693,-1.312, 1.693
8czk,ranked_70.pdb,vinardo,5.249, 8.010, 0.000, 0.000, 0.000, 1.035,-2.762, 1.035
8czk,ranked_71.pdb,vina,7.685,11.728, 0.000, 0.000, 0.000, 1.354,-4.043, 1.354
8czk,ranked_71.pdb,vinardo,2.768,19.486, 0.000, 0.000, 0.000, 0.808,-6.718, 0.808
8czk,ranked_72.pdb,vina,6.355, 9.698, 0.000, 0.000, 0.000, 1.515,-3.343, 1.515
8czk,ranked_72.pdb,vinardo,0.662,16.271, 0.000, 0.000, 0.000, 0.894,-5.609, 0.894
8czk,ranked_73.pdb,vina,1.733, 2.645, 0.000, 0.000, 0.000, 2.039,-0.912, 2.039
8czk,ranked_73.pdb,vinardo,4.167, 6.360, 0.000, 0.000, 0.000, 1.318,-2.192, 1.318
8czk,ranked_74.pdb,vina,7.175,10.950, 0.000, 0.000, 0.000, 1.693,-3.775, 1.693
8czk,ranked_74.pdb,vinardo,1.761,17.949, 0.000, 0.000, 0.000, 1.054,-6.188, 1.054
8czk,ranked_75.pdb,vina,7.870,12.010, 0.000, 0.000, 0.000, 1.120,-4.141, 1.120
8czk,ranked_75.pdb,vinardo,3.051,19.918, 0.000, 0.000, 0.000, 0.619,-6.867, 0.619
8czk,ranked_76.pdb,vina,4.617, 7.045, 0.000, 0.000, 0.000, 1.878,-2.429, 1.878
8czk,ranked_76.pdb,vinardo,8.282,12.639, 0.000, 0.000, 0.000, 1.190,-4.357, 1.190
8czk,ranked_77.pdb,vina,19.453, 29.689,  0.000,  0.000,  0.000,  1.862,-10.235,  1.862
8czk,ranked_77.pdb,vinardo,22.716, 34.668,  0.000,  0.000,  0.000,  1.211,-11.952,  1.211
8czk,ranked_78.pdb,vina,0.548,16.098, 0.000, 0.000, 0.000, 1.370,-5.550, 1.370
8czk,ranked_78.pdb,vinardo,6.230,24.769, 0.000, 0.000, 0.000, 0.832,-8.539, 0.832
8czk,ranked_79.pdb,vina,1.278, 1.950, 0.000, 0.000, 0.000, 2.351,-0.672, 2.351
8czk,ranked_79.pdb,vinardo,3.500, 5.342, 0.000, 0.000, 0.000, 1.607,-1.842, 1.607
8czk,ranked_80.pdb,vina,4.602, 7.023, 0.000, 0.000, 0.000, 1.013,-2.421, 1.013
8czk,ranked_80.pdb,vinardo,7.813,11.923, 0.000, 0.000, 0.000, 0.480,-4.111, 0.480
8czk,ranked_81.pdb,vina,5.057, 7.717, 0.000, 0.000, 0.000, 1.444,-2.661, 1.444
8czk,ranked_81.pdb,vinardo,7.598,11.596, 0.000, 0.000, 0.000, 0.834,-3.998, 0.834
8czk,ranked_82.pdb,vina,1.552, 2.369, 0.000, 0.000, 0.000, 2.090,-0.817, 2.090
8czk,ranked_82.pdb,vinardo,3.315, 5.059, 0.000, 0.000, 0.000, 1.396,-1.744, 1.396
8czk,ranked_83.pdb,vina,9.360,14.284, 0.000, 0.000, 0.000, 1.621,-4.925, 1.621
8czk,ranked_83.pdb,vinardo,4.295,21.817, 0.000, 0.000, 0.000, 0.986,-7.521, 0.986
8czk,ranked_84.pdb,vina,3.057, 4.666, 0.000, 0.000, 0.000, 1.846,-1.609, 1.846
8czk,ranked_84.pdb,vinardo,5.144, 7.850, 0.000, 0.000, 0.000, 1.175,-2.706, 1.175
8czk,ranked_85.pdb,vina,0.491,16.010, 0.000, 0.000, 0.000, 1.609,-5.520, 1.609
8czk,ranked_85.pdb,vinardo,5.515,23.679, 0.000, 0.000, 0.000, 0.991,-8.163, 0.991
8czk,ranked_86.pdb,vina,6.450, 9.844, 0.000, 0.000, 0.000, 1.604,-3.394, 1.604
8czk,ranked_86.pdb,vinardo,0.594,16.167, 0.000, 0.000, 0.000, 0.960,-5.574, 0.960
8czk,ranked_87.pdb,vina,2.908, 4.437, 0.000, 0.000, 0.000, 1.891,-1.530, 1.891
8czk,ranked_87.pdb,vinardo,5.165, 7.883, 0.000, 0.000, 0.000, 1.201,-2.718, 1.201
8czk,ranked_88.pdb,vina,1.278, 1.950, 0.000, 0.000, 0.000, 2.095,-0.672, 2.095
8czk,ranked_88.pdb,vinardo,3.069, 4.684, 0.000, 0.000, 0.000, 1.357,-1.615, 1.357
8czk,ranked_89.pdb,vina,1.366,13.359, 0.000, 0.000, 0.000,-0.051,-1.993,-0.051
8czk,ranked_89.pdb,vinardo,4.874,17.483, 0.000, 0.000, 0.000,-0.130,-2.609,-0.130
8czk,ranked_90.pdb,vina,9.413,14.366, 0.000, 0.000, 0.000, 1.215,-4.953, 1.215
8czk,ranked_90.pdb,vinardo,4.107,21.529, 0.000, 0.000, 0.000, 0.666,-7.422, 0.666
8czk,ranked_91.pdb,vina,1.061, 1.619, 0.000, 0.000, 0.000, 1.943,-0.558, 1.943
8czk,ranked_91.pdb,vinardo,3.022, 4.612, 0.000, 0.000, 0.000, 1.250,-1.590, 1.250
8czk,ranked_92.pdb,vina,7.430,11.339, 0.000, 0.000, 0.000, 1.129,-3.909, 1.129
8czk,ranked_92.pdb,vinardo,1.809,18.023, 0.000, 0.000, 0.000, 0.572,-6.213, 0.572
8czk,ranked_93.pdb,vina,0.608,16.189, 0.000, 0.000, 0.000, 1.595,-5.581, 1.595
8czk,ranked_93.pdb,vinardo,6.032,24.467, 0.000, 0.000, 0.000, 0.987,-8.435, 0.987
8czk,ranked_94.pdb,vina,0.472, 0.720, 0.000, 0.000, 0.000, 2.236,-0.248, 2.236
8czk,ranked_94.pdb,vinardo,2.786, 4.251, 0.000, 0.000, 0.000, 1.485,-1.466, 1.485
8czk,ranked_95.pdb,vina,9.996,15.255, 0.000, 0.000, 0.000, 1.634,-5.259, 1.634
8czk,ranked_95.pdb,vinardo,5.225,23.236, 0.000, 0.000, 0.000, 1.017,-8.011, 1.017
8czk,ranked_96.pdb,vina,8.657,13.212, 0.000, 0.000, 0.000, 1.802,-4.555, 1.802
8czk,ranked_96.pdb,vinardo,3.494,20.593, 0.000, 0.000, 0.000, 1.143,-7.100, 1.143
8czk,ranked_97.pdb,vina,1.792, 2.734, 0.000, 0.000, 0.000, 2.020,-0.943, 2.020
8czk,ranked_97.pdb,vinardo,4.398, 6.712, 0.000, 0.000, 0.000, 1.321,-2.314, 1.321
8czk,ranked_98.pdb,vina,3.149, 4.806, 0.000, 0.000, 0.000, 2.023,-1.657, 2.023
8czk,ranked_98.pdb,vinardo,4.749, 7.247, 0.000, 0.000, 0.000, 1.288,-2.498, 1.288
8czk,ranked_99.pdb,vina,2.002, 3.055, 0.000, 0.000, 0.000, 2.084,-1.053, 2.084
8czk,ranked_99.pdb,vinardo,4.049, 6.180, 0.000, 0.000, 0.000, 1.368,-2.131, 1.368
8czk,ranked_100.pdb,vina,3.457, 5.276, 0.000, 0.000, 0.000, 2.008,-1.819, 2.008
8czk,ranked_100.pdb,vinardo,6.492, 9.908, 0.000, 0.000, 0.000, 1.290,-3.416, 1.290
8czk,ranked_101.pdb,vina,2.434, 3.714, 0.000, 0.000, 0.000, 1.607,-1.281, 1.607
8czk,ranked_101.pdb,vinardo,5.600, 8.546, 0.000, 0.000, 0.000, 0.908,-2.946, 0.908
8czk,ranked_102.pdb,vina,2.230, 3.403, 0.000, 0.000, 0.000, 2.023,-1.173, 2.023
8czk,ranked_102.pdb,vinardo,4.943, 7.543, 0.000, 0.000, 0.000, 1.321,-2.601, 1.321
8czk,ranked_103.pdb,vina,2.463, 3.759, 0.000, 0.000, 0.000, 1.010,-1.296, 1.010
8czk,ranked_103.pdb,vinardo,6.303, 9.620, 0.000, 0.000, 0.000, 0.482,-3.316, 0.482
8czk,ranked_104.pdb,vina,2.608,19.241, 0.000, 0.000, 0.000, 2.104,-6.633, 2.104
8czk,ranked_104.pdb,vinardo,4.961,22.833, 0.000, 0.000, 0.000, 1.405,-7.872, 1.405
8czk,ranked_105.pdb,vina,9.166,13.989, 0.000, 0.000, 0.000, 1.509,-4.823, 1.509
8czk,ranked_105.pdb,vinardo,4.176,21.635, 0.000, 0.000, 0.000, 0.904,-7.459, 0.904
8czk,ranked_106.pdb,vina,1.393, 2.126, 0.000, 0.000, 0.000, 1.940,-0.733, 1.940
8czk,ranked_106.pdb,vinardo,3.702, 5.650, 0.000, 0.000, 0.000, 1.233,-1.948, 1.233
8czk,ranked_107.pdb,vina,2.018, 3.080, 0.000, 0.000, 0.000, 2.001,-1.062, 2.001
8czk,ranked_107.pdb,vinardo,4.277, 6.527, 0.000, 0.000, 0.000, 1.286,-2.250, 1.286
8czk,ranked_108.pdb,vina,2.194, 3.349, 0.000, 0.000, 0.000, 2.252,-1.154, 2.252
8czk,ranked_108.pdb,vinardo,3.959, 6.042, 0.000, 0.000, 0.000, 1.487,-2.083, 1.487
8czk,ranked_109.pdb,vina,2.302, 3.513, 0.000, 0.000, 0.000, 1.919,-1.211, 1.919
8czk,ranked_109.pdb,vinardo,5.018, 7.658, 0.000, 0.000, 0.000, 1.222,-2.640, 1.222
8czk,ranked_110.pdb,vina,7.192,10.976, 0.000, 0.000, 0.000,-0.313,-3.784,-0.313
8czk,ranked_110.pdb,vinardo,0.727,16.371, 0.000, 0.000, 0.000,-0.519,-5.644,-0.519
8czk,ranked_111.pdb,vina,0.462,15.966, 0.000, 0.000, 0.000, 1.662,-5.504, 1.662
8czk,ranked_111.pdb,vinardo,5.967,24.367, 0.000, 0.000, 0.000, 1.066,-8.401, 1.066
8czk,ranked_112.pdb,vina,5.551, 8.471, 0.000, 0.000, 0.000, 1.237,-2.920, 1.237
8czk,ranked_112.pdb,vinardo,9.427,14.386, 0.000, 0.000, 0.000, 0.671,-4.960, 0.671
8czk,ranked_113.pdb,vina,1.959, 2.989, 0.000, 0.000, 0.000, 1.876,-1.031, 1.876
8czk,ranked_113.pdb,vinardo,4.270, 6.516, 0.000, 0.000, 0.000, 1.186,-2.246, 1.186
8czk,ranked_114.pdb,vina,3.118, 4.759, 0.000, 0.000, 0.000, 1.540,-1.641, 1.540
8czk,ranked_114.pdb,vinardo,5.615, 8.569, 0.000, 0.000, 0.000, 0.897,-2.954, 0.897
8czk,ranked_115.pdb,vina,4.517, 6.893, 0.000, 0.000, 0.000, 1.524,-2.377, 1.524
8czk,ranked_115.pdb,vinardo,7.438,11.352, 0.000, 0.000, 0.000, 0.899,-3.914, 0.899
8czk,ranked_116.pdb,vina,0.987, 1.506, 0.000, 0.000, 0.000, 1.795,-0.519, 1.795
8czk,ranked_116.pdb,vinardo,2.639, 4.027, 0.000, 0.000, 0.000, 1.107,-1.388, 1.107
8czk,ranked_117.pdb,vina,3.635, 5.547, 0.000, 0.000, 0.000, 1.245,-1.912, 1.245
8czk,ranked_117.pdb,vinardo,5.034, 7.683, 0.000, 0.000, 0.000, 0.569,-2.649, 0.569
8czk,ranked_118.pdb,vina,0.720, 1.099, 0.000, 0.000, 0.000, 1.933,-0.379, 1.933
8czk,ranked_118.pdb,vinardo,2.549, 3.891, 0.000, 0.000, 0.000, 1.223,-1.341, 1.223
8czk,ranked_119.pdb,vina,1.144,17.008, 0.000, 0.000, 0.000, 1.476,-5.863, 1.476
8czk,ranked_119.pdb,vinardo,6.733,25.537, 0.000, 0.000, 0.000, 0.929,-8.804, 0.929
8czk,ranked_120.pdb,vina,1.980, 3.022, 0.000, 0.000, 0.000, 1.920,-1.042, 1.920
8czk,ranked_120.pdb,vinardo,3.738, 5.704, 0.000, 0.000, 0.000, 1.218,-1.967, 1.218
8czk,ranked_121.pdb,vina,6.201, 9.464, 0.000, 0.000, 0.000, 1.779,-3.263, 1.779
8czk,ranked_121.pdb,vinardo,8.017,12.234, 0.000, 0.000, 0.000, 1.101,-4.218, 1.101
8czk,ranked_122.pdb,vina,2.948,19.760, 0.000, 0.000, 0.000, 1.827,-6.812, 1.827
8czk,ranked_122.pdb,vinardo,5.791,24.100, 0.000, 0.000, 0.000, 1.033,-8.309, 1.033
8czk,ranked_123.pdb,vina,1.896,18.155, 0.000, 0.000, 0.000, 1.730,-6.259, 1.730
8czk,ranked_123.pdb,vinardo,4.688,22.415, 0.000, 0.000, 0.000, 0.955,-7.728, 0.955
8czk,ranked_124.pdb,vina,7.340,15.921, 0.000, 0.000, 0.000, 1.920,-8.582, 1.920
8czk,ranked_124.pdb,vinardo, 9.556, 20.729,  0.000,  0.000,  0.000,  0.709,-11.173,  0.709
8czk,ranked_125.pdb,vina,3.846, 5.869, 0.000, 0.000, 0.000, 1.045,-2.023, 1.045
8czk,ranked_125.pdb,vinardo,7.183,10.963, 0.000, 0.000, 0.000, 0.465,-3.779, 0.465
8czk,ranked_126.pdb,vina,6.104,24.577, 0.000, 0.000, 0.000, 1.934,-8.473, 1.934
8czk,ranked_126.pdb,vinardo,19.110, 29.165,  0.000,  0.000,  0.000,  1.142,-10.055,  1.142
8czk,ranked_127.pdb,vina,5.819,24.142, 0.000, 0.000, 0.000, 1.629,-8.323, 1.629
8czk,ranked_127.pdb,vinardo,19.279, 29.422,  0.000,  0.000,  0.000,  0.873,-10.143,  0.873
8czk,ranked_128.pdb,vina,4.068,21.469, 0.000, 0.000, 0.000, 1.807,-7.401, 1.807
8czk,ranked_128.pdb,vinardo,6.613,25.354, 0.000, 0.000, 0.000, 1.027,-8.741, 1.027
8czk,ranked_129.pdb,vina,3.502, 5.344, 0.000, 0.000, 0.000, 1.518,-1.842, 1.518
8czk,ranked_129.pdb,vinardo,5.126, 7.823, 0.000, 0.000, 0.000, 0.811,-2.697, 0.811
8czk,ranked_130.pdb,vina,7.161,15.115, 0.000, 0.000, 0.000, 6.373,-7.954, 6.373
8czk,ranked_130.pdb,vinardo,11.562, 24.403,  0.000,  0.000,  0.000,  5.481,-12.842,  5.481
8czk,ranked_131.pdb,vina,4.072, 6.215, 0.000, 0.000, 0.000, 1.627,-2.143, 1.627
8czk,ranked_131.pdb,vinardo,5.503, 8.399, 0.000, 0.000, 0.000, 0.885,-2.895, 0.885
8czk,ranked_132.pdb,vina,4.602, 7.024, 0.000, 0.000, 0.000, 1.516,-2.421, 1.516
8czk,ranked_132.pdb,vinardo,6.031, 9.204, 0.000, 0.000, 0.000, 0.794,-3.173, 0.794
8czk,ranked_133.pdb,vina,4.065, 6.203, 0.000, 0.000, 0.000, 1.712,-2.139, 1.712
8czk,ranked_133.pdb,vinardo,6.090, 9.294, 0.000, 0.000, 0.000, 1.049,-3.204, 1.049
8czk,ranked_134.pdb,vina,3.978,21.332, 0.000, 0.000, 0.000, 2.556,-7.354, 2.556
8czk,ranked_134.pdb,vinardo,6.613,25.353, 0.000, 0.000, 0.000, 1.705,-8.741, 1.705
8czk,ranked_135.pdb,vina,4.125, 6.296, 0.000, 0.000, 0.000, 1.537,-2.171, 1.537
8czk,ranked_135.pdb,vinardo,5.486, 8.373, 0.000, 0.000, 0.000, 0.821,-2.887, 0.821
8czk,ranked_136.pdb,vina,1.447, 2.209, 0.000, 0.000, 0.000, 0.875,-0.761, 0.875
8czk,ranked_136.pdb,vinardo,3.850, 5.876, 0.000, 0.000, 0.000, 0.374,-2.026, 0.374
8czk,ranked_137.pdb,vina,3.326, 5.076, 0.000, 0.000, 0.000, 1.962,-1.750, 1.962
8czk,ranked_137.pdb,vinardo,5.065, 7.730, 0.000, 0.000, 0.000, 1.231,-2.665, 1.231
8czk,ranked_138.pdb,vina,4.753, 7.253, 0.000, 0.000, 0.000, 1.402,-2.501, 1.402
8czk,ranked_138.pdb,vinardo,6.297, 9.610, 0.000, 0.000, 0.000, 0.689,-3.313, 0.689
8czk,ranked_139.pdb,vina,6.084, 9.285, 0.000, 0.000, 0.000, 1.728,-3.201, 1.728
8czk,ranked_139.pdb,vinardo,7.725,11.789, 0.000, 0.000, 0.000, 1.064,-4.064, 1.064
8czk,ranked_140.pdb,vina,4.520, 6.898, 0.000, 0.000, 0.000, 2.089,-2.378, 2.089
8czk,ranked_140.pdb,vinardo,6.105, 9.317, 0.000, 0.000, 0.000, 1.335,-3.212, 1.335
8czk,ranked_141.pdb,vina,4.835, 7.379, 0.000, 0.000, 0.000, 1.691,-2.544, 1.691
8czk,ranked_141.pdb,vinardo,6.269, 9.567, 0.000, 0.000, 0.000, 0.952,-3.298, 0.952
8czk,ranked_142.pdb,vina,0.407,15.883, 0.000, 0.000, 0.000, 2.470,-5.476, 2.470
8czk,ranked_142.pdb,vinardo,2.670,19.336, 0.000, 0.000, 0.000, 1.612,-6.666, 1.612
8czk,ranked_143.pdb,vina,4.755, 7.257, 0.000, 0.000, 0.000, 1.323,-2.502, 1.323
8czk,ranked_143.pdb,vinardo,6.963,10.626, 0.000, 0.000, 0.000, 0.621,-3.663, 0.621
8czk,ranked_144.pdb,vina,6.942,10.595, 0.000, 0.000, 0.000, 2.187,-3.652, 2.187
8czk,ranked_144.pdb,vinardo,0.964,16.733, 0.000, 0.000, 0.000, 1.461,-5.769, 1.461
8czk,ranked_145.pdb,vina, 9.330, 20.238,  0.000,  0.000,  0.000,  1.666,-10.908,  1.666
8czk,ranked_145.pdb,vinardo,11.542, 25.036,  0.000,  0.000,  0.000,  0.475,-13.495,  0.475
8czk,ranked_146.pdb,vina,4.308, 6.574, 0.000, 0.000, 0.000, 1.649,-2.266, 1.649
8czk,ranked_146.pdb,vinardo,5.740, 8.761, 0.000, 0.000, 0.000, 0.907,-3.020, 0.907
8czk,ranked_147.pdb,vina,1.013,16.808, 0.000, 0.000, 0.000, 2.004,-5.794, 2.004
8czk,ranked_147.pdb,vinardo,3.494,20.593, 0.000, 0.000, 0.000, 1.206,-7.100, 1.206
8czk,ranked_148.pdb,vina,3.235, 4.937, 0.000, 0.000, 0.000, 1.686,-1.702, 1.686
8czk,ranked_148.pdb,vinardo,6.102, 9.313, 0.000, 0.000, 0.000, 1.019,-3.211, 1.019
8czk,ranked_149.pdb,vina,2.773,19.493, 0.000, 0.000, 0.000, 2.100,-6.720, 2.100
8czk,ranked_149.pdb,vinardo,5.248,23.270, 0.000, 0.000, 0.000, 1.289,-8.022, 1.289
8czk,ranked_150.pdb,vina,1.979, 3.020, 0.000, 0.000, 0.000, 1.602,-1.041, 1.602
8czk,ranked_150.pdb,vinardo,4.498, 6.865, 0.000, 0.000, 0.000, 0.945,-2.367, 0.945
8czk,ranked_151.pdb,vina,3.627, 5.535, 0.000, 0.000, 0.000, 2.084,-1.908, 2.084
8czk,ranked_151.pdb,vinardo,5.604, 8.553, 0.000, 0.000, 0.000, 1.345,-2.949, 1.345
8czk,ranked_152.pdb,vina,9.754,14.887, 0.000, 0.000, 0.000, 1.826,-5.132, 1.826
8czk,ranked_152.pdb,vinardo,2.486,19.056, 0.000, 0.000, 0.000, 1.049,-6.570, 1.049
8czk,ranked_153.pdb,vina,8.608,13.137, 0.000, 0.000, 0.000, 1.675,-4.529, 1.675
8czk,ranked_153.pdb,vinardo,1.477,17.515, 0.000, 0.000, 0.000, 0.909,-6.038, 0.909
8czk,ranked_154.pdb,vina,3.474,20.564, 0.000, 0.000, 0.000, 2.145,-7.089, 2.145
8czk,ranked_154.pdb,vinardo,6.260,24.815, 0.000, 0.000, 0.000, 1.328,-8.555, 1.328
8czk,ranked_155.pdb,vina,8.496,12.966, 0.000, 0.000, 0.000, 1.869,-4.470, 1.869
8czk,ranked_155.pdb,vinardo,1.132,16.989, 0.000, 0.000, 0.000, 1.081,-5.857, 1.081
8czk,ranked_156.pdb,vina,8.838,13.488, 0.000, 0.000, 0.000, 0.776,-4.650, 0.776
8czk,ranked_156.pdb,vinardo,0.530,16.070, 0.000, 0.000, 0.000, 0.294,-5.540, 0.294
8czk,ranked_157.pdb,vina,3.738, 5.705, 0.000, 0.000, 0.000, 1.639,-1.967, 1.639
8czk,ranked_157.pdb,vinardo,5.065, 7.730, 0.000, 0.000, 0.000, 0.893,-2.665, 0.893
8czk,ranked_158.pdb,vina,0.851,16.560, 0.000, 0.000, 0.000, 1.604,-5.709, 1.604
8czk,ranked_158.pdb,vinardo,4.133,21.569, 0.000, 0.000, 0.000, 0.853,-7.436, 0.853
8czk,ranked_159.pdb,vina,0.201, 0.306, 0.000, 0.000, 0.000, 1.428,-0.106, 1.428
8czk,ranked_159.pdb,vinardo,2.019, 3.081, 0.000, 0.000, 0.000, 0.807,-1.062, 0.807
8czk,ranked_160.pdb,vina,8.161,12.455, 0.000, 0.000, 0.000, 1.514,-4.294, 1.514
8czk,ranked_160.pdb,vinardo,9.824,14.992, 0.000, 0.000, 0.000, 0.876,-5.169, 0.876
8czk,ranked_161.pdb,vina,2.600, 3.969, 0.000, 0.000, 0.000, 1.894,-1.368, 1.894
8czk,ranked_161.pdb,vinardo,4.027, 6.146, 0.000, 0.000, 0.000, 1.167,-2.119, 1.167
8czk,ranked_162.pdb,vina,30.534, 46.599,  0.000,  0.000,  0.000,  1.002,-16.065,  1.002
8czk,ranked_162.pdb,vinardo,36.368, 55.502,  0.000,  0.000,  0.000,  0.484,-19.135,  0.484
8czk,ranked_163.pdb,vina,1.436, 2.191, 0.000, 0.000, 0.000, 1.877,-0.755, 1.877
8czk,ranked_163.pdb,vinardo,3.517, 5.367, 0.000, 0.000, 0.000, 1.185,-1.850, 1.185
8czk,ranked_164.pdb,vina,0.368, 0.561, 0.000, 0.000, 0.000, 1.755,-0.194, 1.755
8czk,ranked_164.pdb,vinardo,2.076, 3.169, 0.000, 0.000, 0.000, 1.066,-1.092, 1.066
8czk,ranked_165.pdb,vina,5.160,10.891, 0.000, 0.000, 0.000, 7.426,-5.731, 7.426
8czk,ranked_165.pdb,vinardo,8.811,18.598, 0.000, 0.000, 0.000, 6.640,-9.787, 6.640
8czk,ranked_166.pdb,vina,2.302, 3.514, 0.000, 0.000, 0.000, 1.901,-1.211, 1.901
8czk,ranked_166.pdb,vinardo,3.712, 5.665, 0.000, 0.000, 0.000, 1.183,-1.953, 1.183
8czk,ranked_167.pdb,vina,6.344,24.942, 0.000, 0.000, 0.000, 2.052,-8.599, 2.052
8czk,ranked_167.pdb,vinardo,19.117, 29.175,  0.000,  0.000,  0.000,  1.239,-10.058,  1.239
8czk,ranked_168.pdb,vina,8.502,12.974, 0.000, 0.000, 0.000, 2.464,-4.473, 2.464
8czk,ranked_168.pdb,vinardo,0.550,16.101, 0.000, 0.000, 0.000, 1.613,-5.551, 1.613
8czk,ranked_169.pdb,vina,0.371,-0.762, 0.000, 0.000, 0.000,11.866, 0.391,11.866
8czk,ranked_169.pdb,vinardo,1.049, 2.153, 0.000, 0.000, 0.000,13.459,-1.104,13.459
8czk,ranked_170.pdb,vina,6.769,14.683, 0.000, 0.000, 0.000, 2.083,-7.914, 2.083
8czk,ranked_170.pdb,vinardo, 9.100, 19.740,  0.000,  0.000,  0.000,  0.861,-10.640,  0.861
8czk,ranked_171.pdb,vina,6.783,10.352, 0.000, 0.000, 0.000, 1.614,-3.569, 1.614
8czk,ranked_171.pdb,vinardo,8.501,12.973, 0.000, 0.000, 0.000, 0.884,-4.473, 0.884
8czk,ranked_172.pdb,vina,11.518, 24.985,  0.000,  0.000,  0.000,  2.167,-13.467,  2.167
8czk,ranked_172.pdb,vinardo,14.081, 30.544,  0.000,  0.000,  0.000,  0.982,-16.463,  0.982
8czk,ranked_173.pdb,vina,5.667, 8.649, 0.000, 0.000, 0.000, 1.094,-2.982, 1.094
8czk,ranked_173.pdb,vinardo,8.709,13.291, 0.000, 0.000, 0.000, 0.480,-4.582, 0.480
8czk,ranked_174.pdb,vina,10.103, 21.916,  0.000,  0.000,  0.000,  2.252,-11.812,  2.252
8czk,ranked_174.pdb,vinardo,12.247, 26.567,  0.000,  0.000,  0.000,  1.053,-14.319,  1.053
8czk,ranked_175.pdb,vina,1.189, 1.815, 0.000, 0.000, 0.000, 1.397,-0.626, 1.397
8czk,ranked_175.pdb,vinardo,3.512, 5.360, 0.000, 0.000, 0.000, 0.766,-1.848, 0.766
8czk,ranked_176.pdb,vina,6.085, 9.287, 0.000, 0.000, 0.000, 1.724,-3.202, 1.724
8czk,ranked_176.pdb,vinardo,8.134,12.413, 0.000, 0.000, 0.000, 0.940,-4.279, 0.940
8czk,ranked_177.pdb,vina,5.553, 8.475, 0.000, 0.000, 0.000, 2.014,-2.922, 2.014
8czk,ranked_177.pdb,vinardo,7.398,11.290, 0.000, 0.000, 0.000, 1.333,-3.892, 1.333
8czk,ranked_178.pdb,vina,1.326, 2.023, 0.000, 0.000, 0.000, 1.286,-0.698, 1.286
8czk,ranked_178.pdb,vinardo,2.844, 4.341, 0.000, 0.000, 0.000, 0.685,-1.496, 0.685
8czk,ranked_179.pdb,vina,8.595,13.118, 0.000, 0.000, 0.000, 2.086,-4.522, 2.086
8czk,ranked_179.pdb,vinardo,1.103,16.945, 0.000, 0.000, 0.000, 1.285,-5.842, 1.285
8czk,ranked_180.pdb,vina,0.044,15.329, 0.000, 0.000, 0.000, 2.029,-5.285, 2.029
8czk,ranked_180.pdb,vinardo,2.541,19.140, 0.000, 0.000, 0.000, 1.229,-6.598, 1.229
8czk,ranked_181.pdb,vina,0.595, 0.908, 0.000, 0.000, 0.000, 1.419,-0.313, 1.419
8czk,ranked_181.pdb,vinardo,2.153, 3.285, 0.000, 0.000, 0.000, 0.802,-1.133, 0.802
8czk,ranked_182.pdb,vina,1.874, 2.860, 0.000, 0.000, 0.000, 1.133,-0.986, 1.133
8czk,ranked_182.pdb,vinardo,4.093, 6.246, 0.000, 0.000, 0.000, 0.578,-2.153, 0.578
8czk,ranked_183.pdb,vina,6.606,14.330, 0.000, 0.000, 0.000, 2.580,-7.724, 2.580
8czk,ranked_183.pdb,vinardo, 9.007, 19.538,  0.000,  0.000,  0.000,  1.290,-10.531,  1.290
8czk,ranked_184.pdb,vina,3.804, 5.806, 0.000, 0.000, 0.000, 1.512,-2.002, 1.512
8czk,ranked_184.pdb,vinardo,5.233, 7.987, 0.000, 0.000, 0.000, 0.804,-2.753, 0.804
8czk,ranked_185.pdb,vina,11.480, 24.902,  0.000,  0.000,  0.000,  2.216,-13.422,  2.216
8czk,ranked_185.pdb,vinardo,13.874, 30.095,  0.000,  0.000,  0.000,  1.139,-16.221,  1.139
8czk,ranked_186.pdb,vina,2.010,18.330, 0.000, 0.000, 0.000, 2.027,-6.319, 2.027
8czk,ranked_186.pdb,vinardo,5.248,23.271, 0.000, 0.000, 0.000, 1.218,-8.023, 1.218
8czk,ranked_187.pdb,vina,4.128,21.561, 0.000, 0.000, 0.000, 1.997,-7.433, 1.997
8czk,ranked_187.pdb,vinardo,6.949,25.866, 0.000, 0.000, 0.000, 1.195,-8.917, 1.195
8czk,ranked_188.pdb,vina,9.244,14.107, 0.000, 0.000, 0.000, 2.021,-4.864, 2.021
8czk,ranked_188.pdb,vinardo,1.766,17.957, 0.000, 0.000, 0.000, 1.215,-6.191, 1.215
8czk,ranked_189.pdb,vina,8.601,13.127, 0.000, 0.000, 0.000, 2.082,-4.526, 2.082
8czk,ranked_189.pdb,vinardo,1.039,16.847, 0.000, 0.000, 0.000, 1.276,-5.808, 1.276
8czk,ranked_190.pdb,vina,5.408,11.732, 0.000, 0.000, 0.000, 2.188,-6.324, 2.188
8czk,ranked_190.pdb,vinardo,7.300,15.836, 0.000, 0.000, 0.000, 0.895,-8.536, 0.895
8czk,ranked_191.pdb,vina,1.378,17.365, 0.000, 0.000, 0.000, 1.542,-5.986, 1.542
8czk,ranked_191.pdb,vinardo,4.227,21.712, 0.000, 0.000, 0.000, 0.794,-7.485, 0.794
8czk,ranked_192.pdb,vina,5.803, 8.856, 0.000, 0.000, 0.000, 2.284,-3.053, 2.284
8czk,ranked_192.pdb,vinardo,7.332,11.189, 0.000, 0.000, 0.000, 1.445,-3.858, 1.445
8czk,ranked_193.pdb,vina,5.378, 8.207, 0.000, 0.000, 0.000, 2.153,-2.829, 2.153
8czk,ranked_193.pdb,vinardo,6.826,10.417, 0.000, 0.000, 0.000, 1.329,-3.591, 1.329
8czk,ranked_194.pdb,vina,2.770, 4.227, 0.000, 0.000, 0.000, 2.004,-1.457, 2.004
8czk,ranked_194.pdb,vinardo,4.753, 7.253, 0.000, 0.000, 0.000, 1.282,-2.501, 1.282
8czk,ranked_195.pdb,vina,2.634, 4.019, 0.000, 0.000, 0.000, 1.515,-1.386, 1.515
8czk,ranked_195.pdb,vinardo,3.941, 6.015, 0.000, 0.000, 0.000, 0.875,-2.074, 0.875
8czk,ranked_196.pdb,vina,7.171,10.944, 0.000, 0.000, 0.000, 1.881,-3.773, 1.881
8czk,ranked_196.pdb,vinardo,8.834,13.481, 0.000, 0.000, 0.000, 1.175,-4.648, 1.175
8czk,ranked_197.pdb,vina,4.598, 7.018, 0.000, 0.000, 0.000, 1.670,-2.419, 1.670
8czk,ranked_197.pdb,vinardo,6.221, 9.494, 0.000, 0.000, 0.000, 0.978,-3.273, 0.978
8czk,ranked_198.pdb,vina,5.878,12.751, 0.000, 0.000, 0.000, 2.767,-6.873, 2.767
8czk,ranked_198.pdb,vinardo,7.833,16.992, 0.000, 0.000, 0.000, 1.390,-9.159, 1.390
8czk,ranked_199.pdb,vina,5.964, 9.101, 0.000, 0.000, 0.000, 1.749,-3.138, 1.749
8czk,ranked_199.pdb,vinardo,7.644,11.665, 0.000, 0.000, 0.000, 0.957,-4.022, 0.957
8czk,ranked_200.pdb,vina,31.967, 48.785,  0.000,  0.000,  0.000,  2.552,-16.819,  2.552
8czk,ranked_200.pdb,vinardo,37.291, 56.912,  0.000,  0.000,  0.000,  1.501,-19.620,  1.501
8czk,ranked_201.pdb,vina,8.155,12.446, 0.000, 0.000, 0.000, 1.936,-4.291, 1.936
8czk,ranked_201.pdb,vinardo,0.675,16.292, 0.000, 0.000, 0.000, 1.136,-5.617, 1.136
8czk,ranked_202.pdb,vina, 9.030, 19.588,  0.000,  0.000,  0.000,  1.884,-10.558,  1.884
8czk,ranked_202.pdb,vinardo,11.257, 24.419,  0.000,  0.000,  0.000,  0.850,-13.162,  0.850
8czk,ranked_203.pdb,vina,0.955, 1.458, 0.000, 0.000, 0.000, 1.199,-0.503, 1.199
8czk,ranked_203.pdb,vinardo,3.068, 4.683, 0.000, 0.000, 0.000, 0.628,-1.614, 0.628
8czk,ranked_204.pdb,vina,0.713,16.350, 0.000, 0.000, 0.000, 1.494,-5.637, 1.494
8czk,ranked_204.pdb,vinardo,3.893,21.203, 0.000, 0.000, 0.000, 0.744,-7.310, 0.744
8czk,ranked_205.pdb,vina,2.979,19.807, 0.000, 0.000, 0.000, 2.123,-6.829, 2.123
8czk,ranked_205.pdb,vinardo,5.633,23.858, 0.000, 0.000, 0.000, 1.307,-8.225, 1.307
8czk,ranked_206.pdb,vina,9.445,14.415, 0.000, 0.000, 0.000, 1.882,-4.969, 1.882
8czk,ranked_206.pdb,vinardo,1.913,18.180, 0.000, 0.000, 0.000, 1.082,-6.268, 1.082
8czk,ranked_207.pdb,vina,6.973,15.125, 0.000, 0.000, 0.000, 2.039,-8.152, 2.039
8czk,ranked_207.pdb,vinardo, 9.392, 20.372,  0.000,  0.000,  0.000,  0.773,-10.981,  0.773
8czk,ranked_208.pdb,vina,4.416,22.000, 0.000, 0.000, 0.000, 2.387,-7.585, 2.387
8czk,ranked_208.pdb,vinardo,7.170,26.204, 0.000, 0.000, 0.000, 1.555,-9.034, 1.555
8czk,ranked_209.pdb,vina,0.609,16.190, 0.000, 0.000, 0.000, 2.144,-5.582, 2.144
8czk,ranked_209.pdb,vinardo,2.684,19.358, 0.000, 0.000, 0.000, 1.321,-6.674, 1.321
8czk,ranked_210.pdb,vina,4.456, 6.801, 0.000, 0.000, 0.000, 2.130,-2.345, 2.130
8czk,ranked_210.pdb,vinardo,6.088, 9.291, 0.000, 0.000, 0.000, 1.302,-3.203, 1.302
8czk,ranked_211.pdb,vina,0.383,-0.584, 0.000, 0.000, 0.000, 1.676, 0.201, 1.676
8czk,ranked_211.pdb,vinardo,0.606, 0.925, 0.000, 0.000, 0.000, 0.829,-0.319, 0.829
8czk,ranked_212.pdb,vina,7.239,15.702, 0.000, 0.000, 0.000, 3.207,-8.464, 3.207
8czk,ranked_212.pdb,vinardo, 9.243, 20.050,  0.000,  0.000,  0.000,  1.909,-10.807,  1.909
8czk,ranked_213.pdb,vina,0.078,15.381, 0.000, 0.000, 0.000, 2.528,-5.303, 2.528
8czk,ranked_213.pdb,vinardo,2.372,18.881, 0.000, 0.000, 0.000, 1.653,-6.509, 1.653
8czk,ranked_214.pdb,vina,8.563,13.068, 0.000, 0.000, 0.000, 2.193,-4.505, 2.193
8czk,ranked_214.pdb,vinardo,0.773,16.441, 0.000, 0.000, 0.000, 1.382,-5.668, 1.382
8czk,ranked_215.pdb,vina,5.679, 8.667, 0.000, 0.000, 0.000, 1.704,-2.988, 1.704
8czk,ranked_215.pdb,vinardo,7.134,10.887, 0.000, 0.000, 0.000, 0.958,-3.753, 0.958
8czk,ranked_216.pdb,vina,5.740, 8.759, 0.000, 0.000, 0.000, 2.136,-3.020, 2.136
8czk,ranked_216.pdb,vinardo,7.680,11.721, 0.000, 0.000, 0.000, 1.316,-4.041, 1.316
8czk,ranked_217.pdb,vina,4.144, 6.324, 0.000, 0.000, 0.000, 2.283,-2.180, 2.283
8czk,ranked_217.pdb,vinardo,5.769, 8.804, 0.000, 0.000, 0.000, 1.441,-3.035, 1.441
8czk,ranked_218.pdb,vina,8.240,12.576, 0.000, 0.000, 0.000, 1.619,-4.336, 1.619
8czk,ranked_218.pdb,vinardo,9.842,15.020, 0.000, 0.000, 0.000, 0.939,-5.178, 0.939
8czk,ranked_219.pdb,vina,9.002,13.739, 0.000, 0.000, 0.000, 2.651,-4.737, 2.651
8czk,ranked_219.pdb,vinardo,1.337,17.301, 0.000, 0.000, 0.000, 1.791,-5.965, 1.791
8czk,ranked_220.pdb,vina,6.054, 9.239, 0.000, 0.000, 0.000, 1.690,-3.185, 1.690
8czk,ranked_220.pdb,vinardo,7.514,11.468, 0.000, 0.000, 0.000, 1.011,-3.954, 1.011
8czk,ranked_221.pdb,vina,8.420,18.264, 0.000, 0.000, 0.000, 2.116,-9.844, 2.116
8czk,ranked_221.pdb,vinardo,10.879, 23.599,  0.000,  0.000,  0.000,  0.890,-12.720,  0.890
8czk,ranked_222.pdb,vina,7.814,16.950, 0.000, 0.000, 0.000, 3.016,-9.136, 3.016
8czk,ranked_222.pdb,vinardo, 9.701, 21.044,  0.000,  0.000,  0.000,  1.753,-11.343,  1.753
8czk,ranked_223.pdb,vina,8.733,13.328, 0.000, 0.000, 0.000, 2.679,-4.595, 2.679
8czk,ranked_223.pdb,vinardo,1.157,17.026, 0.000, 0.000, 0.000, 1.797,-5.870, 1.797
8czk,ranked_224.pdb,vina,7.088,10.817, 0.000, 0.000, 0.000, 1.703,-3.729, 1.703
8czk,ranked_224.pdb,vinardo,8.848,13.504, 0.000, 0.000, 0.000, 0.968,-4.655, 0.968
8czk,ranked_225.pdb,vina, 9.446, 20.491,  0.000,  0.000,  0.000,  2.119,-11.044,  2.119
8czk,ranked_225.pdb,vinardo,11.645, 25.259,  0.000,  0.000,  0.000,  1.030,-13.615,  1.030
8czk,ranked_226.pdb,vina,8.340,18.092, 0.000, 0.000, 0.000, 2.937,-9.752, 2.937
8czk,ranked_226.pdb,vinardo,10.570, 22.928,  0.000,  0.000,  0.000,  1.799,-12.358,  1.799
8czk,ranked_227.pdb,vina,3.265,20.244, 0.000, 0.000, 0.000, 2.131,-6.979, 2.131
8czk,ranked_227.pdb,vinardo,5.549,23.729, 0.000, 0.000, 0.000, 1.312,-8.181, 1.312
8czk,ranked_228.pdb,vina,3.720,20.938, 0.000, 0.000, 0.000, 1.674,-7.219, 1.674
8czk,ranked_228.pdb,vinardo,6.757,25.574, 0.000, 0.000, 0.000, 0.904,-8.817, 0.904
8czk,ranked_229.pdb,vina,8.223,12.549, 0.000, 0.000, 0.000, 1.431,-4.326, 1.431
8czk,ranked_229.pdb,vinardo,0.384,15.847, 0.000, 0.000, 0.000, 0.830,-5.463, 0.830
8czk,ranked_230.pdb,vina,6.134, 9.362, 0.000, 0.000, 0.000, 1.688,-3.228, 1.688
8czk,ranked_230.pdb,vinardo,7.886,12.035, 0.000, 0.000, 0.000, 0.949,-4.149, 0.949
8czk,ranked_231.pdb,vina,9.180,14.010, 0.000, 0.000, 0.000, 1.932,-4.830, 1.932
8czk,ranked_231.pdb,vinardo,2.056,18.399, 0.000, 0.000, 0.000, 1.141,-6.343, 1.141
8czk,ranked_232.pdb,vina,5.489, 8.377, 0.000, 0.000, 0.000, 1.480,-2.888, 1.480
8czk,ranked_232.pdb,vinardo,6.992,10.671, 0.000, 0.000, 0.000, 0.768,-3.679, 0.768
8czk,ranked_233.pdb,vina, 9.408, 20.408,  0.000,  0.000,  0.000,  2.150,-11.000,  2.150
8czk,ranked_233.pdb,vinardo,11.727, 25.438,  0.000,  0.000,  0.000,  0.894,-13.711,  0.894
8czk,ranked_234.pdb,vina,3.762,21.003, 0.000, 0.000, 0.000, 0.727,-7.241, 0.727
8czk,ranked_234.pdb,vinardo,7.679,26.981, 0.000, 0.000, 0.000, 0.265,-9.302, 0.265
8czk,ranked_235.pdb,vina,5.650, 8.622, 0.000, 0.000, 0.000, 2.683,-2.973, 2.683
8czk,ranked_235.pdb,vinardo,7.011,10.699, 0.000, 0.000, 0.000, 1.812,-3.689, 1.812
8czk,ranked_236.pdb,vina,4.972, 7.588, 0.000, 0.000, 0.000, 1.766,-2.616, 1.766
8czk,ranked_236.pdb,vinardo,6.213, 9.482, 0.000, 0.000, 0.000, 1.019,-3.269, 1.019
8czk,ranked_237.pdb,vina,3.605, 5.502, 0.000, 0.000, 0.000, 1.728,-1.897, 1.728
8czk,ranked_237.pdb,vinardo,5.053, 7.712, 0.000, 0.000, 0.000, 0.922,-2.659, 0.922
8czk,ranked_238.pdb,vina,9.340,14.254, 0.000, 0.000, 0.000, 1.670,-4.914, 1.670
8czk,ranked_238.pdb,vinardo,1.414,17.419, 0.000, 0.000, 0.000, 0.950,-6.005, 0.950
8czk,ranked_239.pdb,vina,3.342, 5.100, 0.000, 0.000, 0.000, 1.441,-1.758, 1.441
8czk,ranked_239.pdb,vinardo,4.574, 6.981, 0.000, 0.000, 0.000, 0.814,-2.407, 0.814
8czk,ranked_240.pdb,vina,9.485,14.476, 0.000, 0.000, 0.000, 1.871,-4.991, 1.871
8czk,ranked_240.pdb,vinardo,1.927,18.203, 0.000, 0.000, 0.000, 1.087,-6.275, 1.087
8czk,ranked_241.pdb,vina,6.569,25.287, 0.000, 0.000, 0.000, 2.115,-8.718, 2.115
8czk,ranked_241.pdb,vinardo,19.947, 30.442,  0.000,  0.000,  0.000,  1.299,-10.495,  1.299
8czk,ranked_242.pdb,vina,13.854, 30.053,  0.000,  0.000,  0.000,  2.450,-16.199,  2.450
8czk,ranked_242.pdb,vinardo,16.309, 35.377,  0.000,  0.000,  0.000,  1.376,-19.068,  1.376
8czk,ranked_243.pdb,vina,6.820,10.409, 0.000, 0.000, 0.000, 2.213,-3.588, 2.213
8czk,ranked_243.pdb,vinardo,8.745,13.346, 0.000, 0.000, 0.000, 1.389,-4.601, 1.389
8czk,ranked_244.pdb,vina,1.619,17.732, 0.000, 0.000, 0.000, 2.032,-6.113, 2.032
8czk,ranked_244.pdb,vinardo,3.873,21.172, 0.000, 0.000, 0.000, 1.222,-7.299, 1.222
8czk,ranked_245.pdb,vina,7.892,12.045, 0.000, 0.000, 0.000, 2.620,-4.152, 2.620
8czk,ranked_245.pdb,vinardo,0.014,15.283, 0.000, 0.000, 0.000, 1.759,-5.269, 1.759
8czk,ranked_246.pdb,vina,0.102,15.417, 0.000, 0.000, 0.000, 2.207,-5.315, 2.207
8czk,ranked_246.pdb,vinardo,2.230,18.665, 0.000, 0.000, 0.000, 1.393,-6.435, 1.393
8czk,ranked_247.pdb,vina,1.182, 1.805, 0.000, 0.000, 0.000, 1.105,-0.622, 1.105
8czk,ranked_247.pdb,vinardo,3.548, 5.415, 0.000, 0.000, 0.000, 0.575,-1.867, 0.575
8czk,ranked_248.pdb,vina,0.161,15.507, 0.000, 0.000, 0.000, 1.923,-5.346, 1.923
8czk,ranked_248.pdb,vinardo,2.558,19.166, 0.000, 0.000, 0.000, 1.119,-6.607, 1.119
8czk,ranked_249.pdb,vina,8.205,12.521, 0.000, 0.000, 0.000, 2.277,-4.317, 2.277
8czk,ranked_249.pdb,vinardo,0.405,15.880, 0.000, 0.000, 0.000, 1.451,-5.475, 1.451
8czk,ranked_250.pdb,vina,4.448,22.050, 0.000, 0.000, 0.000, 2.522,-7.602, 2.522
8czk,ranked_250.pdb,vinardo,7.222,26.283, 0.000, 0.000, 0.000, 1.683,-9.061, 1.683
8czk,ranked_251.pdb,vina,4.745, 7.241, 0.000, 0.000, 0.000, 2.189,-2.496, 2.189
8czk,ranked_251.pdb,vinardo,6.567,10.021, 0.000, 0.000, 0.000, 1.316,-3.455, 1.316
8czk,ranked_252.pdb,vina,5.971,24.374, 0.000, 0.000, 0.000, 2.066,-8.403, 2.066
8czk,ranked_252.pdb,vinardo,19.323, 29.490,  0.000,  0.000,  0.000,  1.255,-10.167,  1.255
8czk,ranked_253.pdb,vina,0.749,16.405, 0.000, 0.000, 0.000, 3.098,-5.656, 3.098
8czk,ranked_253.pdb,vinardo,2.926,19.727, 0.000, 0.000, 0.000, 2.213,-6.801, 2.213
8czk,ranked_254.pdb,vina,6.311, 9.632, 0.000, 0.000, 0.000, 1.830,-3.321, 1.830
8czk,ranked_254.pdb,vinardo,8.142,12.425, 0.000, 0.000, 0.000, 1.033,-4.284, 1.033
8czk,ranked_255.pdb,vina,4.384,21.953, 0.000, 0.000, 0.000, 1.410,-7.568, 1.410
8czk,ranked_255.pdb,vinardo,6.768,25.590, 0.000, 0.000, 0.000, 0.792,-8.822, 0.792
8czk,ranked_256.pdb,vina,10.119, 21.950,  0.000,  0.000,  0.000,  2.188,-11.831,  2.188
8czk,ranked_256.pdb,vinardo,12.431, 26.965,  0.000,  0.000,  0.000,  0.940,-14.534,  0.940
8czk,ranked_257.pdb,vina,7.597,16.479, 0.000, 0.000, 0.000, 2.472,-8.882, 2.472
8czk,ranked_257.pdb,vinardo, 9.839, 21.343,  0.000,  0.000,  0.000,  1.225,-11.504,  1.225
8czk,ranked_258.pdb,vina, 9.024, 19.575,  0.000,  0.000,  0.000,  1.774,-10.551,  1.774
8czk,ranked_258.pdb,vinardo,11.564, 25.084,  0.000,  0.000,  0.000,  0.655,-13.520,  0.655
8czk,ranked_259.pdb,vina, 8.631, 18.722,  0.000,  0.000,  0.000,  2.226,-10.091,  2.226
8czk,ranked_259.pdb,vinardo,10.725, 23.265,  0.000,  0.000,  0.000,  1.179,-12.540,  1.179
8czk,ranked_260.pdb,vina,5.880, 8.974, 0.000, 0.000, 0.000, 2.653,-3.094, 2.653
8czk,ranked_260.pdb,vinardo,7.453,11.375, 0.000, 0.000, 0.000, 1.784,-3.922, 1.784
8czk,ranked_261.pdb,vina, 9.291, 20.154,  0.000,  0.000,  0.000,  2.150,-10.863,  2.150
8czk,ranked_261.pdb,vinardo,11.722, 25.426,  0.000,  0.000,  0.000,  1.060,-13.705,  1.060
8czk,ranked_262.pdb,vina,12.151, 26.358,  0.000,  0.000,  0.000,  2.165,-14.207,  2.165
8czk,ranked_262.pdb,vinardo,14.517, 31.491,  0.000,  0.000,  0.000,  1.112,-16.973,  1.112
8czk,ranked_263.pdb,vina,10.427, 22.617,  0.000,  0.000,  0.000,  2.260,-12.191,  2.260
8czk,ranked_263.pdb,vinardo,12.911, 28.008,  0.000,  0.000,  0.000,  1.016,-15.096,  1.016
8czk,ranked_264.pdb,vina,6.626,10.113, 0.000, 0.000, 0.000, 2.057,-3.486, 2.057
8czk,ranked_264.pdb,vinardo,9.015,13.759, 0.000, 0.000, 0.000, 1.252,-4.743, 1.252
8czk,ranked_265.pdb,vina,6.436,13.960, 0.000, 0.000, 0.000, 2.554,-7.524, 2.554
8czk,ranked_265.pdb,vinardo, 8.777, 19.040,  0.000,  0.000,  0.000,  1.365,-10.263,  1.365
8czk,ranked_266.pdb,vina, 9.174, 19.901,  0.000,  0.000,  0.000,  2.186,-10.727,  2.186
8czk,ranked_266.pdb,vinardo,11.552, 25.058,  0.000,  0.000,  0.000,  0.912,-13.506,  0.912
8czk,ranked_267.pdb,vina,4.828, 7.368, 0.000, 0.000, 0.000, 1.525,-2.540, 1.525
8czk,ranked_267.pdb,vinardo,6.221, 9.494, 0.000, 0.000, 0.000, 0.884,-3.273, 0.884
8czk,ranked_268.pdb,vina,0.485, 0.739, 0.000, 0.000, 0.000, 0.670,-0.255, 0.670
8czk,ranked_268.pdb,vinardo,1.980e+00, 3.021e+00, 0.000e+00, 0.000e+00, 0.000e+00,-1.000e-03,
 -1.042e+00,-1.000e-03
8czk,ranked_269.pdb,vina,6.027, 9.198, 0.000, 0.000, 0.000, 1.452,-3.171, 1.452
8czk,ranked_269.pdb,vinardo,7.564,11.543, 0.000, 0.000, 0.000, 0.765,-3.980, 0.765
8czk,ranked_270.pdb,vina,2.191,18.605, 0.000, 0.000, 0.000, 2.832,-6.414, 2.832
8czk,ranked_270.pdb,vinardo,4.577,22.247, 0.000, 0.000, 0.000, 1.948,-7.670, 1.948
8czk,ranked_271.pdb,vina,1.884, 2.875, 0.000, 0.000, 0.000, 0.860,-0.991, 0.860
8czk,ranked_271.pdb,vinardo,4.364, 6.660, 0.000, 0.000, 0.000, 0.386,-2.296, 0.386
8czk,ranked_272.pdb,vina,8.205,12.522, 0.000, 0.000, 0.000, 1.740,-4.317, 1.740
8czk,ranked_272.pdb,vinardo,0.015,15.285, 0.000, 0.000, 0.000, 1.002,-5.269, 1.002
8czk,ranked_273.pdb,vina,2.600, 3.968, 0.000, 0.000, 0.000, 1.559,-1.368, 1.559
8czk,ranked_273.pdb,vinardo,4.356, 6.647, 0.000, 0.000, 0.000, 0.887,-2.292, 0.887
8czk,ranked_274.pdb,vina,0.612,16.195, 0.000, 0.000, 0.000, 1.935,-5.583, 1.935
8czk,ranked_274.pdb,vinardo,3.357,20.385, 0.000, 0.000, 0.000, 1.133,-7.028, 1.133
8czk,ranked_275.pdb,vina,6.517, 9.946, 0.000, 0.000, 0.000, 1.880,-3.429, 1.880
8czk,ranked_275.pdb,vinardo,8.087,12.342, 0.000, 0.000, 0.000, 1.122,-4.255, 1.122
8czk,ranked_276.pdb,vina,4.385,21.953, 0.000, 0.000, 0.000, 2.075,-7.568, 2.075
8czk,ranked_276.pdb,vinardo,7.035,25.998, 0.000, 0.000, 0.000, 1.283,-8.963, 1.283
8czk,ranked_277.pdb,vina,5.271, 8.045, 0.000, 0.000, 0.000, 1.498,-2.773, 1.498
8czk,ranked_277.pdb,vinardo,6.726,10.265, 0.000, 0.000, 0.000, 0.778,-3.539, 0.778
8czk,ranked_278.pdb,vina,8.149,17.676, 0.000, 0.000, 0.000, 2.245,-9.527, 2.245
8czk,ranked_278.pdb,vinardo,10.393, 22.544,  0.000,  0.000,  0.000,  1.057,-12.151,  1.057
8czk,ranked_279.pdb,vina,8.509,18.457, 0.000, 0.000, 0.000, 2.044,-9.949, 2.044
8czk,ranked_279.pdb,vinardo,10.895, 23.633,  0.000,  0.000,  0.000,  0.897,-12.738,  0.897
8czk,ranked_280.pdb,vina,4.963,22.835, 0.000, 0.000, 0.000, 2.303,-7.872, 2.303
8czk,ranked_280.pdb,vinardo,7.927,27.359, 0.000, 0.000, 0.000, 1.489,-9.432, 1.489
8czk,ranked_281.pdb,vina, 8.926, 19.363,  0.000,  0.000,  0.000,  1.982,-10.437,  1.982
8czk,ranked_281.pdb,vinardo,11.326, 24.569,  0.000,  0.000,  0.000,  0.782,-13.243,  0.782
8czk,ranked_282.pdb,vina,3.856, 8.364, 0.000, 0.000, 0.000, 1.963,-4.508, 1.963
8czk,ranked_282.pdb,vinardo,5.606,12.160, 0.000, 0.000, 0.000, 0.866,-6.554, 0.866
8czk,ranked_283.pdb,vina,0.048,15.334, 0.000, 0.000, 0.000, 1.849,-5.287, 1.849
8czk,ranked_283.pdb,vinardo,2.692,19.370, 0.000, 0.000, 0.000, 1.066,-6.678, 1.066
8czk,ranked_284.pdb,vina,8.226,12.554, 0.000, 0.000, 0.000, 1.757,-4.328, 1.757
8czk,ranked_284.pdb,vinardo,9.873,15.067, 0.000, 0.000, 0.000, 1.011,-5.195, 1.011
8czk,ranked_285.pdb,vina,8.256,17.908, 0.000, 0.000, 0.000, 2.381,-9.652, 2.381
8czk,ranked_285.pdb,vinardo,10.715, 23.243,  0.000,  0.000,  0.000,  1.077,-12.528,  1.077
8czk,ranked_286.pdb,vina,9.968,15.213, 0.000, 0.000, 0.000, 1.983,-5.245, 1.983
8czk,ranked_286.pdb,vinardo,2.201,18.620, 0.000, 0.000, 0.000, 1.177,-6.419, 1.177
8czk,ranked_287.pdb,vina,9.262,14.135, 0.000, 0.000, 0.000, 2.158,-4.873, 2.158
8czk,ranked_287.pdb,vinardo,1.507,17.562, 0.000, 0.000, 0.000, 1.327,-6.054, 1.327
8czk,ranked_288.pdb,vina,4.935, 7.531, 0.000, 0.000, 0.000, 1.749,-2.596, 1.749
8czk,ranked_288.pdb,vinardo,6.348, 9.687, 0.000, 0.000, 0.000, 1.004,-3.340, 1.004
8czk,ranked_289.pdb,vina,7.809,27.179, 0.000, 0.000, 0.000, 2.271,-9.370, 2.271
8czk,ranked_289.pdb,vinardo,21.132, 32.250,  0.000,  0.000,  0.000,  1.445,-11.118,  1.445
8czk,ranked_290.pdb,vina,6.084,13.197, 0.000, 0.000, 0.000, 2.123,-7.113, 2.123
8czk,ranked_290.pdb,vinardo, 8.605, 18.667,  0.000,  0.000,  0.000,  1.188,-10.061,  1.188
8czk,ranked_291.pdb,vina,1.963,18.258, 0.000, 0.000, 0.000, 2.412,-6.294, 2.412
8czk,ranked_291.pdb,vinardo,4.466,22.077, 0.000, 0.000, 0.000, 1.583,-7.611, 1.583
8czk,ranked_292.pdb,vina,4.653,22.362, 0.000, 0.000, 0.000, 2.304,-7.709, 2.304
8czk,ranked_292.pdb,vinardo,7.608,26.873, 0.000, 0.000, 0.000, 1.482,-9.264, 1.482
8czk,ranked_293.pdb,vina,6.999,15.182, 0.000, 0.000, 0.000, 3.040,-8.183, 3.040
8czk,ranked_293.pdb,vinardo, 8.980, 19.480,  0.000,  0.000,  0.000,  1.889,-10.500,  1.889
8czk,ranked_294.pdb,vina,2.372,18.881, 0.000, 0.000, 0.000, 2.676,-6.509, 2.676
8czk,ranked_294.pdb,vinardo,4.856,22.673, 0.000, 0.000, 0.000, 1.815,-7.817, 1.815
8czk,ranked_295.pdb,vina,7.269,15.768, 0.000, 0.000, 0.000, 3.501,-8.499, 3.501
8czk,ranked_295.pdb,vinardo, 9.415, 20.423,  0.000,  0.000,  0.000,  2.581,-11.008,  2.581
8czk,ranked_296.pdb,vina,6.260,13.579, 0.000, 0.000, 0.000, 2.341,-7.319, 2.341
8czk,ranked_296.pdb,vinardo,8.350,18.113, 0.000, 0.000, 0.000, 1.086,-9.763, 1.086
8czk,ranked_297.pdb,vina,11.397, 24.723,  0.000,  0.000,  0.000,  2.268,-13.326,  2.268
8czk,ranked_297.pdb,vinardo,13.842, 30.027,  0.000,  0.000,  0.000,  1.270,-16.185,  1.270
8czk,ranked_298.pdb,vina,2.989,19.824, 0.000, 0.000, 0.000, 2.439,-6.834, 2.439
8czk,ranked_298.pdb,vinardo,5.379,23.471, 0.000, 0.000, 0.000, 1.607,-8.092, 1.607
8czk,ranked_299.pdb,vina,8.475,12.934, 0.000, 0.000, 0.000, 1.930,-4.459, 1.930
8czk,ranked_299.pdb,vinardo,0.144,15.481, 0.000, 0.000, 0.000, 1.166,-5.337, 1.166
8czk,ranked_300.pdb,vina,0.056, 0.086, 0.000, 0.000, 0.000, 0.986,-0.030, 0.986
8czk,ranked_300.pdb,vinardo,1.122, 1.712, 0.000, 0.000, 0.000, 0.285,-0.590, 0.285
8czk,ranked_301.pdb,vina,4.474, 9.705, 0.000, 0.000, 0.000, 2.815,-5.231, 2.815
8czk,ranked_301.pdb,vinardo,6.380,13.839, 0.000, 0.000, 0.000, 1.485,-7.459, 1.485
8czk,ranked_302.pdb,vina, 9.930, 21.540,  0.000,  0.000,  0.000,  2.287,-11.610,  2.287
8czk,ranked_302.pdb,vinardo,12.291, 26.662,  0.000,  0.000,  0.000,  0.990,-14.371,  0.990
8czk,ranked_303.pdb,vina,8.774,13.390, 0.000, 0.000, 0.000, 4.001,-4.616, 4.001
8czk,ranked_303.pdb,vinardo,1.967,18.264, 0.000, 0.000, 0.000, 2.872,-6.296, 2.872
8czk,ranked_304.pdb,vina,2.484, 4.662, 0.000, 0.000, 0.000, 4.001,-2.178, 4.001
8czk,ranked_304.pdb,vinardo,4.075, 7.648, 0.000, 0.000, 0.000, 3.462,-3.573, 3.462
8czk,ranked_305.pdb,vina,2.272,18.728, 0.000, 0.000, 0.000, 1.968,-6.457, 1.968
8czk,ranked_305.pdb,vinardo,6.106,24.580, 0.000, 0.000, 0.000, 1.213,-8.474, 1.213
8czk,ranked_306.pdb,vina,3.755,20.993, 0.000, 0.000, 0.000, 1.379,-7.237, 1.379
8czk,ranked_306.pdb,vinardo,7.843,27.231, 0.000, 0.000, 0.000, 0.740,-9.388, 0.740
8czk,ranked_307.pdb,vina,31.655, 48.310,  0.000,  0.000,  0.000,  0.891,-16.655,  0.891
8czk,ranked_307.pdb,vinardo,35.989, 54.924,  0.000,  0.000,  0.000,  0.385,-18.935,  0.385
8czk,ranked_308.pdb,vina,7.830,16.984, 0.000, 0.000, 0.000, 3.027,-9.154, 3.027
8czk,ranked_308.pdb,vinardo, 9.779, 21.213,  0.000,  0.000,  0.000,  1.698,-11.434,  1.698
8czk,ranked_309.pdb,vina,4.388, 6.696, 0.000, 0.000, 0.000, 0.546,-2.309, 0.546
8czk,ranked_309.pdb,vinardo,6.612,10.091, 0.000, 0.000, 0.000, 0.043,-3.479, 0.043
8czk,ranked_310.pdb,vina,7.347,15.938, 0.000, 0.000, 0.000, 2.312,-8.590, 2.312
8czk,ranked_310.pdb,vinardo, 9.857, 21.382,  0.000,  0.000,  0.000,  1.394,-11.525,  1.394
8czk,ranked_311.pdb,vina,1.083, 2.350, 0.000, 0.000, 0.000, 3.002,-1.267, 3.002
8czk,ranked_311.pdb,vinardo,2.516, 5.458, 0.000, 0.000, 0.000, 1.729,-2.942, 1.729
8czk,ranked_312.pdb,vina,1.864, 2.845, 0.000, 0.000, 0.000,-0.243,-0.981,-0.243
8czk,ranked_312.pdb,vinardo,3.348, 5.109, 0.000, 0.000, 0.000,-0.480,-1.761,-0.480
8czk,ranked_313.pdb,vina,0.964, 1.471, 0.000, 0.000, 0.000, 1.507,-0.507, 1.507
8czk,ranked_313.pdb,vinardo,2.282, 3.482, 0.000, 0.000, 0.000, 0.706,-1.200, 0.706
8czk,ranked_314.pdb,vina,2.244,18.686, 0.000, 0.000, 0.000, 1.052,-6.442, 1.052
8czk,ranked_314.pdb,vinardo,7.073,26.055, 0.000, 0.000, 0.000, 0.614,-8.983, 0.614
8czk,ranked_315.pdb,vina,7.250,11.065, 0.000, 0.000, 0.000, 2.820,-3.815, 2.820
8czk,ranked_315.pdb,vinardo,8.944,13.651, 0.000, 0.000, 0.000, 1.931,-4.706, 1.931
8czk,ranked_316.pdb,vina,0.558,-0.851, 0.000, 0.000, 0.000, 0.288, 0.293, 0.288
8czk,ranked_316.pdb,vinardo,0.471, 0.719, 0.000, 0.000, 0.000,-0.276,-0.248,-0.276
8czk,ranked_317.pdb,vina,9.453,14.427, 0.000, 0.000, 0.000, 1.919,-4.974, 1.919
8czk,ranked_317.pdb,vinardo,1.793,17.998, 0.000, 0.000, 0.000, 1.114,-6.205, 1.114
8czk,ranked_318.pdb,vina,5.472, 8.351, 0.000, 0.000, 0.000, 1.868,-2.879, 1.868
8czk,ranked_318.pdb,vinardo,7.018,10.711, 0.000, 0.000, 0.000, 1.040,-3.692, 1.040
8czk,ranked_319.pdb,vina,6.815,10.401, 0.000, 0.000, 0.000, 1.842,-3.586, 1.842
8czk,ranked_319.pdb,vinardo,8.291,12.654, 0.000, 0.000, 0.000, 1.080,-4.362, 1.080
8czk,ranked_320.pdb,vina,5.397, 8.237, 0.000, 0.000, 0.000, 2.608,-2.840, 2.608
8czk,ranked_320.pdb,vinardo,6.838,10.435, 0.000, 0.000, 0.000, 1.739,-3.598, 1.739
8czk,ranked_321.pdb,vina,1.483,17.525, 0.000, 0.000, 0.000, 0.959,-6.042, 0.959
8czk,ranked_321.pdb,vinardo,5.436,23.558, 0.000, 0.000, 0.000, 0.353,-8.122, 0.353
8czk,ranked_322.pdb,vina,3.933, 8.531, 0.000, 0.000, 0.000, 8.727,-4.598, 8.727
8czk,ranked_322.pdb,vinardo,6.772,14.690, 0.000, 0.000, 0.000, 8.797,-7.918, 8.797
8czk,ranked_323.pdb,vina,5.986, 9.136, 0.000, 0.000, 0.000, 3.207,-3.150, 3.207
8czk,ranked_323.pdb,vinardo,7.743,11.817, 0.000, 0.000, 0.000, 2.280,-4.074, 2.280
8czk,ranked_324.pdb,vina,2.132,18.515, 0.000, 0.000, 0.000, 2.582,-6.383, 2.582
8czk,ranked_324.pdb,vinardo,4.453,22.057, 0.000, 0.000, 0.000, 1.726,-7.604, 1.726
8czk,ranked_325.pdb,vina,5.586,12.116, 0.000, 0.000, 0.000, 2.661,-6.531, 2.661
8czk,ranked_325.pdb,vinardo,7.449,16.159, 0.000, 0.000, 0.000, 1.355,-8.709, 1.355
8czk,ranked_326.pdb,vina,4.314, 6.584, 0.000, 0.000, 0.000, 1.711,-2.270, 1.711
8czk,ranked_326.pdb,vinardo,5.532, 8.443, 0.000, 0.000, 0.000, 0.961,-2.911, 0.961
8czk,ranked_327.pdb,vina,4.017, 6.130, 0.000, 0.000, 0.000, 1.377,-2.113, 1.377
8czk,ranked_327.pdb,vinardo,5.518, 8.421, 0.000, 0.000, 0.000, 0.685,-2.903, 0.685
8czk,ranked_328.pdb,vina,1.770, 2.701, 0.000, 0.000, 0.000, 1.029,-0.931, 1.029
8czk,ranked_328.pdb,vinardo,3.011, 4.595, 0.000, 0.000, 0.000, 0.392,-1.584, 0.392
8czk,ranked_329.pdb,vina,2.985, 6.476, 0.000, 0.000, 0.000, 2.651,-3.490, 2.651
8czk,ranked_329.pdb,vinardo,4.403, 9.551, 0.000, 0.000, 0.000, 1.429,-5.148, 1.429
8czk,ranked_330.pdb,vina,3.825, 5.838, 0.000, 0.000, 0.000, 6.271,-2.013, 6.271
8czk,ranked_330.pdb,vinardo,5.699, 8.698, 0.000, 0.000, 0.000, 5.025,-2.999, 5.025
8czk,ranked_331.pdb,vina,5.166, 7.884, 0.000, 0.000, 0.000, 1.847,-2.718, 1.847
8czk,ranked_331.pdb,vinardo,6.915,10.554, 0.000, 0.000, 0.000, 1.051,-3.638, 1.051
8czk,ranked_332.pdb,vina,12.415, 26.930,  0.000,  0.000,  0.000,  2.068,-14.515,  2.068
8czk,ranked_332.pdb,vinardo,14.813, 32.133,  0.000,  0.000,  0.000,  1.202,-17.320,  1.202
8czk,ranked_333.pdb,vina,9.621,14.683, 0.000, 0.000, 0.000, 5.588,-5.062, 5.588
8czk,ranked_333.pdb,vinardo,2.309,18.785, 0.000, 0.000, 0.000, 4.323,-6.476, 4.323
8czk,ranked_334.pdb,vina,21.431, 32.707,  0.000,  0.000,  0.000,  2.060,-11.276,  2.060
8czk,ranked_334.pdb,vinardo,25.504, 38.922,  0.000,  0.000,  0.000,  1.278,-13.419,  1.278
8czk,ranked_335.pdb,vina,6.302,13.671, 0.000, 0.000, 0.000, 4.104,-7.369, 4.104
8czk,ranked_335.pdb,vinardo,7.932,17.205, 0.000, 0.000, 0.000, 2.879,-9.274, 2.879
8czk,ranked_336.pdb,vina,8.216,12.539, 0.000, 0.000, 0.000, 1.992,-4.323, 1.992
8czk,ranked_336.pdb,vinardo,0.789,16.465, 0.000, 0.000, 0.000, 1.192,-5.676, 1.192
8czk,ranked_337.pdb,vina,3.492, 5.329, 0.000, 0.000, 0.000, 2.366,-1.837, 2.366
8czk,ranked_337.pdb,vinardo,4.815, 7.349, 0.000, 0.000, 0.000, 1.500,-2.534, 1.500
8czk,ranked_338.pdb,vina,4.267, 6.513, 0.000, 0.000, 0.000, 2.192,-2.245, 2.192
8czk,ranked_338.pdb,vinardo,5.864, 8.949, 0.000, 0.000, 0.000, 1.338,-3.085, 1.338
8czk,ranked_339.pdb,vina, 8.572, 18.595,  0.000,  0.000,  0.000,  2.791,-10.023,  2.791
8czk,ranked_339.pdb,vinardo,10.742, 23.301,  0.000,  0.000,  0.000,  1.667,-12.559,  1.667
8czk,ranked_340.pdb,vina,0.552,16.104, 0.000, 0.000, 0.000, 2.610,-5.552, 2.610
8czk,ranked_340.pdb,vinardo,2.582,19.202, 0.000, 0.000, 0.000, 1.763,-6.620, 1.763
8czk,ranked_341.pdb,vina,2.651,19.308, 0.000, 0.000, 0.000, 2.901,-6.656, 2.901
8czk,ranked_341.pdb,vinardo,4.765,22.533, 0.000, 0.000, 0.000, 2.036,-7.768, 2.036
8czk,ranked_342.pdb,vina,8.004,17.363, 0.000, 0.000, 0.000, 3.032,-9.358, 3.032
8czk,ranked_342.pdb,vinardo,10.163, 22.046,  0.000,  0.000,  0.000,  1.681,-11.883,  1.681
8czk,ranked_343.pdb,vina,8.520,13.003, 0.000, 0.000, 0.000, 2.708,-4.483, 2.708
8czk,ranked_343.pdb,vinardo,0.573,16.135, 0.000, 0.000, 0.000, 1.844,-5.563, 1.844
8czk,ranked_344.pdb,vina,4.362, 9.461, 0.000, 0.000, 0.000, 4.479,-5.100, 4.479
8czk,ranked_344.pdb,vinardo,6.068,13.162, 0.000, 0.000, 0.000, 3.251,-7.094, 3.251
8czk,ranked_345.pdb,vina,10.028, 21.753,  0.000,  0.000,  0.000,  1.884,-11.725,  1.884
8czk,ranked_345.pdb,vinardo,12.761, 27.682,  0.000,  0.000,  0.000,  0.982,-14.921,  0.982
8czk,ranked_346.pdb,vina,1.307,17.256, 0.000, 0.000, 0.000, 2.680,-5.949, 2.680
8czk,ranked_346.pdb,vinardo,3.364,20.395, 0.000, 0.000, 0.000, 1.806,-7.031, 1.806
8czk,ranked_347.pdb,vina,6.088, 9.291, 0.000, 0.000, 0.000, 2.061,-3.203, 2.061
8czk,ranked_347.pdb,vinardo,7.869,12.009, 0.000, 0.000, 0.000, 1.231,-4.140, 1.231
8czk,ranked_348.pdb,vina,7.276,11.105, 0.000, 0.000, 0.000, 7.310,-3.828, 7.310
8czk,ranked_348.pdb,vinardo,9.805,14.964, 0.000, 0.000, 0.000, 5.911,-5.159, 5.911
8czk,ranked_349.pdb,vina,0.239,-0.364, 0.000, 0.000, 0.000, 0.650, 0.126, 0.650
8czk,ranked_349.pdb,vinardo,0.816, 1.245, 0.000, 0.000, 0.000, 0.041,-0.429, 0.041
8czk,ranked_350.pdb,vina,39.599, 60.433,  0.000,  0.000,  0.000,  2.557,-20.835,  2.557
8czk,ranked_350.pdb,vinardo,46.111, 70.372,  0.000,  0.000,  0.000,  1.673,-24.261,  1.673
8czk,ranked_351.pdb,vina,3.962, 6.047, 0.000, 0.000, 0.000, 1.799,-2.085, 1.799
8czk,ranked_351.pdb,vinardo,5.635, 8.600, 0.000, 0.000, 0.000, 1.058,-2.965, 1.058
8czk,ranked_352.pdb,vina,0.121,-0.149, 0.000, 0.000, 0.000,-0.047, 0.028,-0.047
8czk,ranked_352.pdb,vinardo,0.277, 0.342, 0.000, 0.000, 0.000,-0.058,-0.065,-0.058
8czk,ranked_353.pdb,vina,8.336,12.722, 0.000, 0.000, 0.000, 2.351,-4.386, 2.351
8czk,ranked_353.pdb,vinardo,0.096,15.408, 0.000, 0.000, 0.000, 1.472,-5.312, 1.472
8czk,ranked_354.pdb,vina,8.883,13.556, 0.000, 0.000, 0.000, 2.338,-4.674, 2.338
8czk,ranked_354.pdb,vinardo,1.122,16.974, 0.000, 0.000, 0.000, 1.496,-5.852, 1.496
8czk,ranked_355.pdb,vina,7.116,10.859, 0.000, 0.000, 0.000, 1.137,-3.744, 1.137
8czk,ranked_355.pdb,vinardo,0.926,16.675, 0.000, 0.000, 0.000, 0.606,-5.749, 0.606
8czk,ranked_356.pdb,vina,8.269,12.620, 0.000, 0.000, 0.000, 2.478,-4.351, 2.478
8czk,ranked_356.pdb,vinardo,0.149,15.489, 0.000, 0.000, 0.000, 1.612,-5.340, 1.612
8czk,ranked_357.pdb,vina,5.707, 8.710, 0.000, 0.000, 0.000, 1.274,-3.003, 1.274
8czk,ranked_357.pdb,vinardo,7.396,11.287, 0.000, 0.000, 0.000, 0.559,-3.891, 0.559
8czk,ranked_358.pdb,vina,6.249, 9.537, 0.000, 0.000, 0.000, 2.219,-3.288, 2.219
8czk,ranked_358.pdb,vinardo,8.175,12.475, 0.000, 0.000, 0.000, 1.379,-4.301, 1.379
8czk,ranked_359.pdb,vina,3.610, 5.509, 0.000, 0.000, 0.000, 5.924,-1.899, 5.924
8czk,ranked_359.pdb,vinardo,5.407, 8.251, 0.000, 0.000, 0.000, 4.699,-2.845, 4.699
8czk,ranked_360.pdb,vina,11.483, 24.908,  0.000,  0.000,  0.000,  2.241,-13.425,  2.241
8czk,ranked_360.pdb,vinardo,14.031, 30.435,  0.000,  0.000,  0.000,  1.073,-16.405,  1.073
8czk,ranked_361.pdb,vina,1.144,17.007, 0.000, 0.000, 0.000, 2.279,-5.863, 2.279
8czk,ranked_361.pdb,vinardo,4.903,22.744, 0.000, 0.000, 0.000, 1.475,-7.841, 1.475
8czk,ranked_362.pdb,vina,3.870, 5.906, 0.000, 0.000, 0.000, 2.543,-2.036, 2.543
8czk,ranked_362.pdb,vinardo,6.301, 9.616, 0.000, 0.000, 0.000, 1.531,-3.315, 1.531
8czk,ranked_363.pdb,vina,1.916, 2.924, 0.000, 0.000, 0.000, 6.219,-1.008, 6.219
8czk,ranked_363.pdb,vinardo,3.633, 5.545, 0.000, 0.000, 0.000, 4.967,-1.912, 4.967
8czk,ranked_364.pdb,vina,0.328,15.762, 0.000, 0.000, 0.000, 2.141,-5.434, 2.141
8czk,ranked_364.pdb,vinardo,2.756,19.468, 0.000, 0.000, 0.000, 1.324,-6.712, 1.324
8czk,ranked_365.pdb,vina,28.514, 42.682,  0.000,  0.000,  0.000, -0.254,-14.169, -0.254
8czk,ranked_365.pdb,vinardo,34.937, 52.298,  0.000,  0.000,  0.000, -0.484,-17.361, -0.484
8czk,ranked_366.pdb,vina,0.070, 0.153, 0.000, 0.000, 0.000, 3.129,-0.082, 3.129
8czk,ranked_366.pdb,vinardo,1.421, 3.083, 0.000, 0.000, 0.000, 1.883,-1.662, 1.883
8czk,ranked_367.pdb,vina,1.361, 2.077, 0.000, 0.000, 0.000, 3.131,-0.716, 3.131
8czk,ranked_367.pdb,vinardo,2.631, 4.015, 0.000, 0.000, 0.000, 2.151,-1.384, 2.151
8czk,ranked_368.pdb,vina,7.608,16.503, 0.000, 0.000, 0.000, 2.849,-8.895, 2.849
8czk,ranked_368.pdb,vinardo, 9.737, 21.123,  0.000,  0.000,  0.000,  1.502,-11.385,  1.502
8czk,ranked_369.pdb,vina,5.359, 8.179, 0.000, 0.000, 0.000, 1.897,-2.820, 1.897
8czk,ranked_369.pdb,vinardo,6.894,10.521, 0.000, 0.000, 0.000, 1.133,-3.627, 1.133
8czk,ranked_370.pdb,vina,9.802,14.959, 0.000, 0.000, 0.000, 7.177,-5.157, 7.177
8czk,ranked_370.pdb,vinardo,3.059,19.930, 0.000, 0.000, 0.000, 5.770,-6.871, 5.770
8czk,ranked_371.pdb,vina,8.707,13.288, 0.000, 0.000, 0.000, 2.523,-4.581, 2.523
8czk,ranked_371.pdb,vinardo,0.948,16.709, 0.000, 0.000, 0.000, 1.674,-5.760, 1.674
8czk,ranked_372.pdb,vina,4.598, 9.974, 0.000, 0.000, 0.000, 4.488,-5.376, 4.488
8czk,ranked_372.pdb,vinardo,6.204,13.458, 0.000, 0.000, 0.000, 3.250,-7.254, 3.250
8czk,ranked_373.pdb,vina,1.209, 1.845, 0.000, 0.000, 0.000, 1.276,-0.636, 1.276
8czk,ranked_373.pdb,vinardo,2.643, 4.033, 0.000, 0.000, 0.000, 0.591,-1.390, 0.591
8czk,ranked_374.pdb,vina,0.384, 0.586, 0.000, 0.000, 0.000, 3.023,-0.202, 3.023
8czk,ranked_374.pdb,vinardo,2.072, 3.163, 0.000, 0.000, 0.000, 1.993,-1.090, 1.993
8czk,ranked_375.pdb,vina,25.920, 39.557,  0.000,  0.000,  0.000,  0.535,-13.637,  0.535
8czk,ranked_375.pdb,vinardo,32.024, 48.873,  0.000,  0.000,  0.000,  0.186,-16.849,  0.186
8czk,ranked_376.pdb,vina,0.174,-0.214, 0.000, 0.000, 0.000,-0.047, 0.041,-0.047
8czk,ranked_376.pdb,vinardo,0.033,-0.040, 0.000, 0.000, 0.000,-0.059, 0.008,-0.059
8czk,ranked_377.pdb,vina,6.640,10.134, 0.000, 0.000, 0.000, 1.492,-3.494, 1.492
8czk,ranked_377.pdb,vinardo,8.207,12.526, 0.000, 0.000, 0.000, 0.867,-4.318, 0.867
8czk,ranked_378.pdb,vina,6.198, 9.459, 0.000, 0.000, 0.000, 1.941,-3.261, 1.941
8czk,ranked_378.pdb,vinardo,8.031,12.257, 0.000, 0.000, 0.000, 1.186,-4.226, 1.186
8czk,ranked_379.pdb,vina,7.272,11.098, 0.000, 0.000, 0.000, 1.506,-3.826, 1.506
8czk,ranked_379.pdb,vinardo,0.287,15.699, 0.000, 0.000, 0.000, 0.710,-5.412, 0.710
8czk,ranked_380.pdb,vina,5.264,11.419, 0.000, 0.000, 0.000, 1.825,-6.155, 1.825
8czk,ranked_380.pdb,vinardo,7.201,15.620, 0.000, 0.000, 0.000, 0.787,-8.419, 0.787
8czk,ranked_381.pdb,vina,5.307, 8.099, 0.000, 0.000, 0.000, 4.806,-2.792, 4.806
8czk,ranked_381.pdb,vinardo,7.426,11.334, 0.000, 0.000, 0.000, 3.644,-3.907, 3.644
8czk,ranked_382.pdb,vina,10.026, 21.748,  0.000,  0.000,  0.000,  2.448,-11.722,  2.448
8czk,ranked_382.pdb,vinardo,12.625, 27.386,  0.000,  0.000,  0.000,  1.334,-14.761,  1.334
8czk,ranked_383.pdb,vina,6.032, 9.206, 0.000, 0.000, 0.000, 1.722,-3.174, 1.722
8czk,ranked_383.pdb,vinardo,7.501,11.448, 0.000, 0.000, 0.000, 0.912,-3.947, 0.912
8czk,ranked_384.pdb,vina,7.016,10.707, 0.000, 0.000, 0.000, 5.849,-3.691, 5.849
8czk,ranked_384.pdb,vinardo,9.797,14.951, 0.000, 0.000, 0.000, 4.617,-5.154, 4.617
8czk,ranked_385.pdb,vina,21.485, 32.789,  0.000,  0.000,  0.000,  1.212,-11.304,  1.212
8czk,ranked_385.pdb,vinardo,25.676, 39.185,  0.000,  0.000,  0.000,  0.619,-13.509,  0.619
8czk,ranked_386.pdb,vina,7.310,11.156, 0.000, 0.000, 0.000, 4.921,-3.846, 4.921
8czk,ranked_386.pdb,vinardo,9.804,14.963, 0.000, 0.000, 0.000, 3.726,-5.158, 3.726
8czk,ranked_387.pdb,vina,4.482,22.102, 0.000, 0.000, 0.000, 2.343,-7.620, 2.343
8czk,ranked_387.pdb,vinardo,8.327,27.969, 0.000, 0.000, 0.000, 1.519,-9.642, 1.519
8czk,ranked_388.pdb,vina,4.522, 6.901, 0.000, 0.000, 0.000, 2.196,-2.379, 2.196
8czk,ranked_388.pdb,vinardo,6.191, 9.448, 0.000, 0.000, 0.000, 1.308,-3.257, 1.308
8czk,ranked_389.pdb,vina,7.059,10.772, 0.000, 0.000, 0.000, 3.186,-3.714, 3.186
8czk,ranked_389.pdb,vinardo,8.858,13.519, 0.000, 0.000, 0.000, 2.252,-4.661, 2.252
8czk,ranked_390.pdb,vina,12.357, 26.805,  0.000,  0.000,  0.000,  2.650,-14.448,  2.650
8czk,ranked_390.pdb,vinardo,15.055, 32.656,  0.000,  0.000,  0.000,  1.994,-17.602,  1.994
8czk,ranked_391.pdb,vina,4.557, 6.954, 0.000, 0.000, 0.000, 1.789,-2.397, 1.789
8czk,ranked_391.pdb,vinardo,6.193, 9.451, 0.000, 0.000, 0.000, 1.049,-3.258, 1.049
8czk,ranked_392.pdb,vina,2.468,19.028, 0.000, 0.000, 0.000, 1.978,-6.560, 1.978
8czk,ranked_392.pdb,vinardo,6.205,24.731, 0.000, 0.000, 0.000, 1.231,-8.526, 1.231
8czk,ranked_393.pdb,vina,6.209,13.469, 0.000, 0.000, 0.000, 3.568,-7.260, 3.568
8czk,ranked_393.pdb,vinardo,8.168,17.717, 0.000, 0.000, 0.000, 2.184,-9.550, 2.184
8czk,ranked_394.pdb,vina,22.747, 34.715,  0.000,  0.000,  0.000,  1.372,-11.968,  1.372
8czk,ranked_394.pdb,vinardo,26.991, 41.192,  0.000,  0.000,  0.000,  0.748,-14.201,  0.748
8czk,ranked_395.pdb,vina,12.597, 27.326,  0.000,  0.000,  0.000,  2.089,-14.729,  2.089
8czk,ranked_395.pdb,vinardo,15.180, 32.929,  0.000,  0.000,  0.000,  1.044,-17.749,  1.044
8czk,ranked_396.pdb,vina,3.457,20.537, 0.000, 0.000, 0.000, 1.673,-7.080, 1.673
8czk,ranked_396.pdb,vinardo,7.824,27.203, 0.000, 0.000, 0.000, 0.981,-9.378, 0.981
8czk,ranked_397.pdb,vina,8.001,27.472, 0.000, 0.000, 0.000, 0.902,-9.471, 0.902
8czk,ranked_397.pdb,vinardo,21.708, 33.129,  0.000,  0.000,  0.000,  0.380,-11.421,  0.380
8czk,ranked_398.pdb,vina,3.541, 5.404, 0.000, 0.000, 0.000, 2.324,-1.863, 2.324
8czk,ranked_398.pdb,vinardo,4.796, 7.319, 0.000, 0.000, 0.000, 1.437,-2.523, 1.437
8czk,ranked_399.pdb,vina,0.122,-0.186, 0.000, 0.000, 0.000, 1.783, 0.064, 1.783
8czk,ranked_399.pdb,vinardo,1.087, 1.659, 0.000, 0.000, 0.000, 0.988,-0.572, 0.988
8czk,ranked_400.pdb,vina,10.431, 22.627,  0.000,  0.000,  0.000,  2.160,-12.196,  2.160
8czk,ranked_400.pdb,vinardo,13.055, 28.319,  0.000,  0.000,  0.000,  1.154,-15.264,  1.154
8czk,ranked_401.pdb,vina,3.414, 5.211, 0.000, 0.000, 0.000, 1.944,-1.796, 1.944
8czk,ranked_401.pdb,vinardo,5.430, 8.286, 0.000, 0.000, 0.000, 1.127,-2.857, 1.127
8czk,ranked_402.pdb,vina,3.296, 5.030, 0.000, 0.000, 0.000, 1.766,-1.734, 1.766
8czk,ranked_402.pdb,vinardo,4.943, 7.544, 0.000, 0.000, 0.000, 1.023,-2.601, 1.023
8czk,ranked_403.pdb,vina,1.515, 1.869, 0.000, 0.000, 0.000,-0.046,-0.354,-0.046
8czk,ranked_403.pdb,vinardo,1.618, 1.996, 0.000, 0.000, 0.000,-0.059,-0.378,-0.059
8czk,ranked_404.pdb,vina,0.649, 0.991, 0.000, 0.000, 0.000, 3.758,-0.342, 3.758
8czk,ranked_404.pdb,vinardo,1.575, 2.404, 0.000, 0.000, 0.000, 2.726,-0.829, 2.726
8czk,ranked_405.pdb,vina,8.058,17.479, 0.000, 0.000, 0.000, 2.258,-9.421, 2.258
8czk,ranked_405.pdb,vinardo,10.230, 22.191,  0.000,  0.000,  0.000,  0.952,-11.961,  0.952
8czk,ranked_406.pdb,vina,0.738,16.387, 0.000, 0.000, 0.000, 2.663,-5.649, 2.663
8czk,ranked_406.pdb,vinardo,4.044,21.434, 0.000, 0.000, 0.000, 1.818,-7.389, 1.818
8czk,ranked_407.pdb,vina,6.114,13.263, 0.000, 0.000, 0.000, 2.335,-7.149, 2.335
8czk,ranked_407.pdb,vinardo,8.224,17.839, 0.000, 0.000, 0.000, 1.166,-9.615, 1.166
8czk,ranked_408.pdb,vina,6.249, 9.537, 0.000, 0.000, 0.000, 2.175,-3.288, 2.175
8czk,ranked_408.pdb,vinardo,7.658,11.688, 0.000, 0.000, 0.000, 1.380,-4.029, 1.380
8czk,ranked_409.pdb,vina,0.014, 0.022, 0.000, 0.000, 0.000, 1.012,-0.008, 1.012
8czk,ranked_409.pdb,vinardo,1.095, 1.671, 0.000, 0.000, 0.000, 0.287,-0.576, 0.287
8czk,ranked_410.pdb,vina,7.016,15.218, 0.000, 0.000, 0.000, 3.155,-8.203, 3.155
8czk,ranked_410.pdb,vinardo, 9.303, 20.180,  0.000,  0.000,  0.000,  1.990,-10.877,  1.990
8czk,ranked_411.pdb,vina,0.218,15.594, 0.000, 0.000, 0.000, 1.928,-5.376, 1.928
8czk,ranked_411.pdb,vinardo,3.944,21.281, 0.000, 0.000, 0.000, 1.196,-7.337, 1.196
8czk,ranked_412.pdb,vina,4.915, 7.501, 0.000, 0.000, 0.000, 2.349,-2.586, 2.349
8czk,ranked_412.pdb,vinardo,6.045, 9.225, 0.000, 0.000, 0.000, 1.506,-3.180, 1.506
8czk,ranked_413.pdb,vina,7.468,11.397, 0.000, 0.000, 0.000, 2.090,-3.929, 2.090
8czk,ranked_413.pdb,vinardo,9.578,14.618, 0.000, 0.000, 0.000, 1.260,-5.040, 1.260
8czk,ranked_414.pdb,vina,1.098,-1.676, 0.000, 0.000, 0.000, 0.802, 0.578, 0.802
8czk,ranked_414.pdb,vinardo,0.187,-0.285, 0.000, 0.000, 0.000, 0.096, 0.098, 0.096
8czk,ranked_415.pdb,vina,4.631, 7.068, 0.000, 0.000, 0.000, 1.832,-2.437, 1.832
8czk,ranked_415.pdb,vinardo,5.964, 9.102, 0.000, 0.000, 0.000, 1.072,-3.138, 1.072
8czk,ranked_416.pdb,vina,6.685,25.464, 0.000, 0.000, 0.000, 4.465,-8.779, 4.465
8czk,ranked_416.pdb,vinardo,20.653, 31.519,  0.000,  0.000,  0.000,  3.417,-10.866,  3.417
8czk,ranked_417.pdb,vina,6.881,14.927, 0.000, 0.000, 0.000, 2.761,-8.046, 2.761
8czk,ranked_417.pdb,vinardo, 8.701, 18.875,  0.000,  0.000,  0.000,  1.378,-10.173,  1.378
8czk,ranked_418.pdb,vina,8.399,12.819, 0.000, 0.000, 0.000, 4.553,-4.419, 4.553
8czk,ranked_418.pdb,vinardo,1.174,17.053, 0.000, 0.000, 0.000, 3.368,-5.879, 3.368
8czk,ranked_419.pdb,vina,2.934, 4.478, 0.000, 0.000, 0.000, 0.580,-1.544, 0.580
8czk,ranked_419.pdb,vinardo,4.665, 7.120, 0.000, 0.000, 0.000, 0.070,-2.455, 0.070
8czk,ranked_420.pdb,vina,7.560,11.538, 0.000, 0.000, 0.000, 6.930,-3.978, 6.930
8czk,ranked_420.pdb,vinardo,9.754,14.886, 0.000, 0.000, 0.000, 5.596,-5.132, 5.596
8czk,ranked_421.pdb,vina,31.564, 48.171,  0.000,  0.000,  0.000,  0.822,-16.607,  0.822
8czk,ranked_421.pdb,vinardo,36.630, 55.903,  0.000,  0.000,  0.000,  0.330,-19.273,  0.330
8czk,ranked_422.pdb,vina,7.942,17.229, 0.000, 0.000, 0.000, 1.336,-9.286, 1.336
8czk,ranked_422.pdb,vinardo,10.268, 22.273,  0.000,  0.000,  0.000,  0.203,-12.005,  0.203
8czk,ranked_423.pdb,vina,1.740, 2.656, 0.000, 0.000, 0.000, 3.296,-0.916, 3.296
8czk,ranked_423.pdb,vinardo,3.074, 4.692, 0.000, 0.000, 0.000, 2.270,-1.617, 2.270
8czk,ranked_424.pdb,vina,0.945,16.703, 0.000, 0.000, 0.000, 6.671,-5.759, 6.671
8czk,ranked_424.pdb,vinardo,4.026,21.405, 0.000, 0.000, 0.000, 5.318,-7.380, 5.318
8czk,ranked_425.pdb,vina,6.828,25.682, 0.000, 0.000, 0.000, 1.361,-8.854, 1.361
8czk,ranked_425.pdb,vinardo,20.273, 30.940,  0.000,  0.000,  0.000,  0.655,-10.666,  0.655
8czk,ranked_426.pdb,vina,3.996, 8.669, 0.000, 0.000, 0.000, 2.645,-4.673, 2.645
8czk,ranked_426.pdb,vinardo,5.651,12.257, 0.000, 0.000, 0.000, 1.387,-6.607, 1.387
8czk,ranked_427.pdb,vina,0.765, 0.944, 0.000, 0.000, 0.000,-0.046,-0.179,-0.046
8czk,ranked_427.pdb,vinardo,1.022, 1.261, 0.000, 0.000, 0.000,-0.059,-0.239,-0.059
8czk,ranked_428.pdb,vina,4.856, 7.411, 0.000, 0.000, 0.000, 2.304,-2.555, 2.304
8czk,ranked_428.pdb,vinardo,6.851,10.455, 0.000, 0.000, 0.000, 1.432,-3.604, 1.432
8czk,ranked_429.pdb,vina,0.624, 0.953, 0.000, 0.000, 0.000, 1.589,-0.328, 1.589
8czk,ranked_429.pdb,vinardo,1.855, 2.831, 0.000, 0.000, 0.000, 0.811,-0.976, 0.811
8czk,ranked_430.pdb,vina,8.387,18.194, 0.000, 0.000, 0.000, 2.899,-9.806, 2.899
8czk,ranked_430.pdb,vinardo,10.324, 22.395,  0.000,  0.000,  0.000,  2.107,-12.071,  2.107
8czk,ranked_431.pdb,vina,26.593, 40.585,  0.000,  0.000,  0.000,  3.744,-13.992,  3.744
8czk,ranked_431.pdb,vinardo,31.671, 48.334,  0.000,  0.000,  0.000,  2.828,-16.663,  2.828
8czk,ranked_432.pdb,vina,3.863, 8.380, 0.000, 0.000, 0.000, 3.839,-4.517, 3.839
8czk,ranked_432.pdb,vinardo,5.541,12.019, 0.000, 0.000, 0.000, 2.351,-6.478, 2.351
8czk,ranked_433.pdb,vina,4.623, 7.056, 0.000, 0.000, 0.000, 1.836,-2.433, 1.836
8czk,ranked_433.pdb,vinardo,6.192, 9.450, 0.000, 0.000, 0.000, 1.007,-3.258, 1.007
8czk,ranked_434.pdb,vina,4.713, 7.193, 0.000, 0.000, 0.000, 2.238,-2.480, 2.238
8czk,ranked_434.pdb,vinardo,6.304, 9.620, 0.000, 0.000, 0.000, 1.433,-3.317, 1.433
8czk,ranked_435.pdb,vina,0.447, 0.682, 0.000, 0.000, 0.000, 2.580,-0.235, 2.580
8czk,ranked_435.pdb,vinardo,2.015, 3.075, 0.000, 0.000, 0.000, 1.578,-1.060, 1.578
8czk,ranked_436.pdb,vina,5.162,11.198, 0.000, 0.000, 0.000, 3.857,-6.036, 3.857
8czk,ranked_436.pdb,vinardo,7.070,15.337, 0.000, 0.000, 0.000, 2.591,-8.266, 2.591
8czk,ranked_437.pdb,vina,1.331,17.292, 0.000, 0.000, 0.000, 2.289,-5.962, 2.289
8czk,ranked_437.pdb,vinardo,4.967,22.842, 0.000, 0.000, 0.000, 1.483,-7.875, 1.483
8czk,ranked_438.pdb,vina,8.191,14.895, 0.000, 0.000, 0.000, 2.588,-6.704, 2.588
8czk,ranked_438.pdb,vinardo,0.479,19.056, 0.000, 0.000, 0.000, 2.599,-8.577, 2.599
8czk,ranked_439.pdb,vina,11.715, 25.412,  0.000,  0.000,  0.000,  1.878,-13.697,  1.878
8czk,ranked_439.pdb,vinardo,14.386, 31.207,  0.000,  0.000,  0.000,  0.955,-16.820,  0.955
8czk,ranked_440.pdb,vina,3.535, 5.395, 0.000, 0.000, 0.000, 1.636,-1.860, 1.636
8czk,ranked_440.pdb,vinardo,5.025, 7.669, 0.000, 0.000, 0.000, 0.900,-2.644, 0.900
8czk,ranked_441.pdb,vina,3.876,21.177, 0.000, 0.000, 0.000, 7.365,-7.301, 7.365
8czk,ranked_441.pdb,vinardo,7.435,26.608, 0.000, 0.000, 0.000, 5.990,-9.173, 5.990
8czk,ranked_442.pdb,vina,0.852,16.562, 0.000, 0.000, 0.000, 1.620,-5.710, 1.620
8czk,ranked_442.pdb,vinardo,3.916,21.238, 0.000, 0.000, 0.000, 0.975,-7.322, 0.975
8czk,ranked_443.pdb,vina,2.041, 3.114, 0.000, 0.000, 0.000, 2.292,-1.074, 2.292
8czk,ranked_443.pdb,vinardo,3.349, 5.112, 0.000, 0.000, 0.000, 1.385,-1.762, 1.385
8czk,ranked_444.pdb,vina,4.402, 9.549, 0.000, 0.000, 0.000, 4.035,-5.147, 4.035
8czk,ranked_444.pdb,vinardo,5.709,12.383, 0.000, 0.000, 0.000, 2.747,-6.675, 2.747
8czk,ranked_445.pdb,vina,27.839, 53.878,  0.000,  0.000,  0.000,  2.448,-26.039,  2.448
8czk,ranked_445.pdb,vinardo,33.948, 65.702,  0.000,  0.000,  0.000,  1.411,-31.754,  1.411
8czk,ranked_446.pdb,vina,2.652,19.308, 0.000, 0.000, 0.000, 1.265,-6.657, 1.265
8czk,ranked_446.pdb,vinardo,6.792,25.626, 0.000, 0.000, 0.000, 0.651,-8.835, 0.651
8czk,ranked_447.pdb,vina,0.043, 0.066, 0.000, 0.000, 0.000, 2.122,-0.023, 2.122
8czk,ranked_447.pdb,vinardo,0.991, 1.512, 0.000, 0.000, 0.000, 1.230,-0.521, 1.230
8czk,ranked_448.pdb,vina,8.294,12.657, 0.000, 0.000, 0.000, 2.677,-4.364, 2.677
8czk,ranked_448.pdb,vinardo,1.461,17.490, 0.000, 0.000, 0.000, 1.789,-6.030, 1.789
8czk,ranked_449.pdb,vina,0.605,-0.923, 0.000, 0.000, 0.000, 1.808, 0.318, 1.808
8czk,ranked_449.pdb,vinardo,0.424, 0.646, 0.000, 0.000, 0.000, 0.910,-0.223, 0.910
8czk,ranked_450.pdb,vina,0.840,16.543, 0.000, 0.000, 0.000, 1.496,-5.703, 1.496
8czk,ranked_450.pdb,vinardo,4.571,22.237, 0.000, 0.000, 0.000, 0.841,-7.666, 0.841
8czk,ranked_451.pdb,vina,1.127,16.981, 0.000, 0.000, 0.000, 1.813,-5.854, 1.813
8czk,ranked_451.pdb,vinardo,4.890,22.725, 0.000, 0.000, 0.000, 1.092,-7.834, 1.092
8czk,ranked_452.pdb,vina,7.776,11.867, 0.000, 0.000, 0.000, 1.280,-4.091, 1.280
8czk,ranked_452.pdb,vinardo,9.641,14.714, 0.000, 0.000, 0.000, 0.570,-5.073, 0.570
8czk,ranked_453.pdb,vina,4.175, 9.057, 0.000, 0.000, 0.000, 2.837,-4.882, 2.837
8czk,ranked_453.pdb,vinardo,5.643,12.241, 0.000, 0.000, 0.000, 1.586,-6.598, 1.586
8czk,ranked_454.pdb,vina,35.097, 53.563,  0.000,  0.000,  0.000,  1.296,-18.466,  1.296
8czk,ranked_454.pdb,vinardo,42.965, 65.571,  0.000,  0.000,  0.000,  0.785,-22.606,  0.785
8czk,ranked_455.pdb,vina, 9.180, 19.913,  0.000,  0.000,  0.000,  3.285,-10.733,  3.285
8czk,ranked_455.pdb,vinardo,11.306, 24.525,  0.000,  0.000,  0.000,  2.099,-13.219,  2.099
8czk,ranked_456.pdb,vina,0.830,-1.024, 0.000, 0.000, 0.000,-0.047, 0.194,-0.047
8czk,ranked_456.pdb,vinardo,0.167,-0.206, 0.000, 0.000, 0.000,-0.057, 0.039,-0.057
8czk,ranked_457.pdb,vina,9.247,14.112, 0.000, 0.000, 0.000, 5.772,-4.865, 5.772
8czk,ranked_457.pdb,vinardo,1.977,18.278, 0.000, 0.000, 0.000, 4.486,-6.301, 4.486
8czk,ranked_458.pdb,vina,6.486,14.070, 0.000, 0.000, 0.000, 3.490,-7.584, 3.490
8czk,ranked_458.pdb,vinardo,8.279,17.958, 0.000, 0.000, 0.000, 2.267,-9.679, 2.267
8czk,ranked_459.pdb,vina,0.018, 0.027, 0.000, 0.000, 0.000, 1.328,-0.009, 1.328
8czk,ranked_459.pdb,vinardo,1.047, 1.598, 0.000, 0.000, 0.000, 0.533,-0.551, 0.533
8czk,ranked_460.pdb,vina,4.983,22.866, 0.000, 0.000, 0.000, 4.061,-7.883, 4.061
8czk,ranked_460.pdb,vinardo,8.378,28.047, 0.000, 0.000, 0.000, 3.030,-9.669, 3.030
8czk,ranked_461.pdb,vina,0.520,16.055, 0.000, 0.000, 0.000, 7.075,-5.535, 7.075
8czk,ranked_461.pdb,vinardo,3.625,20.794, 0.000, 0.000, 0.000, 5.742,-7.169, 5.742
8czk,ranked_462.pdb,vina,9.707,14.815, 0.000, 0.000, 0.000, 6.035,-5.107, 6.035
8czk,ranked_462.pdb,vinardo,2.445,18.992, 0.000, 0.000, 0.000, 4.744,-6.548, 4.744
8czk,ranked_463.pdb,vina,6.472, 9.877, 0.000, 0.000, 0.000, 6.185,-3.405, 6.185
8czk,ranked_463.pdb,vinardo,8.667,13.226, 0.000, 0.000, 0.000, 4.906,-4.560, 4.906
8czk,ranked_464.pdb,vina,3.224,20.182, 0.000, 0.000, 0.000, 1.670,-6.958, 1.670
8czk,ranked_464.pdb,vinardo,7.453,26.635, 0.000, 0.000, 0.000, 0.986,-9.182, 0.986
8czk,ranked_465.pdb,vina,5.689,12.340, 0.000, 0.000, 0.000, 3.461,-6.651, 3.461
8czk,ranked_465.pdb,vinardo,7.571,16.423, 0.000, 0.000, 0.000, 2.408,-8.852, 2.408
8czk,ranked_466.pdb,vina,24.569, 37.496,  0.000,  0.000,  0.000,  1.436,-12.927,  1.436
8czk,ranked_466.pdb,vinardo,29.083, 44.385,  0.000,  0.000,  0.000,  0.875,-15.302,  0.875
8czk,ranked_467.pdb,vina,19.743, 30.130,  0.000,  0.000,  0.000,  1.147,-10.387,  1.147
8czk,ranked_467.pdb,vinardo,23.914, 36.496,  0.000,  0.000,  0.000,  0.574,-12.582,  0.574
8czk,ranked_468.pdb,vina,2.753,19.463, 0.000, 0.000, 0.000, 1.504,-6.710, 1.504
8czk,ranked_468.pdb,vinardo,6.596,25.327, 0.000, 0.000, 0.000, 0.873,-8.732, 0.873
8czk,ranked_469.pdb,vina,4.008, 8.694, 0.000, 0.000, 0.000, 3.149,-4.686, 3.149
8czk,ranked_469.pdb,vinardo,5.674,12.308, 0.000, 0.000, 0.000, 1.797,-6.634, 1.797
8czk,ranked_470.pdb,vina,7.453,11.375, 0.000, 0.000, 0.000, 5.076,-3.922, 5.076
8czk,ranked_470.pdb,vinardo,9.933,15.159, 0.000, 0.000, 0.000, 3.873,-5.226, 3.873
8czk,ranked_471.pdb,vina,1.898,18.159, 0.000, 0.000, 0.000, 1.494,-6.260, 1.494
8czk,ranked_471.pdb,vinardo,5.634,23.860, 0.000, 0.000, 0.000, 0.858,-8.226, 0.858
8czk,ranked_472.pdb,vina,1.100, 1.679, 0.000, 0.000, 0.000, 1.222,-0.579, 1.222
8czk,ranked_472.pdb,vinardo,2.351, 3.588, 0.000, 0.000, 0.000, 0.485,-1.237, 0.485
8czk,ranked_473.pdb,vina,6.107, 9.320, 0.000, 0.000, 0.000, 2.247,-3.213, 2.247
8czk,ranked_473.pdb,vinardo,8.321,12.699, 0.000, 0.000, 0.000, 1.407,-4.378, 1.407
8czk,ranked_474.pdb,vina,2.251, 3.435, 0.000, 0.000, 0.000, 3.824,-1.184, 3.824
8czk,ranked_474.pdb,vinardo,3.209, 4.898, 0.000, 0.000, 0.000, 2.830,-1.688, 2.830
8czk,ranked_475.pdb,vina,0.120,15.445, 0.000, 0.000, 0.000, 2.421,-5.325, 2.421
8czk,ranked_475.pdb,vinardo,3.457,20.537, 0.000, 0.000, 0.000, 1.623,-7.080, 1.623
8czk,ranked_476.pdb,vina,0.632, 0.965, 0.000, 0.000, 0.000, 3.383,-0.333, 3.383
8czk,ranked_476.pdb,vinardo,2.102, 3.208, 0.000, 0.000, 0.000, 2.269,-1.106, 2.269
8czk,ranked_477.pdb,vina,2.849, 6.180, 0.000, 0.000, 0.000, 3.245,-3.331, 3.245
8czk,ranked_477.pdb,vinardo,4.386, 9.514, 0.000, 0.000, 0.000, 2.202,-5.128, 2.202
8czk,ranked_478.pdb,vina,0.163,-0.249, 0.000, 0.000, 0.000, 3.157, 0.086, 3.157
8czk,ranked_478.pdb,vinardo,1.136, 1.734, 0.000, 0.000, 0.000, 2.087,-0.598, 2.087
8czk,ranked_479.pdb,vina,1.303,17.249, 0.000, 0.000, 0.000, 1.481,-5.947, 1.481
8czk,ranked_479.pdb,vinardo,5.051,22.970, 0.000, 0.000, 0.000, 0.842,-7.919, 0.842
8czk,ranked_480.pdb,vina,7.925,12.095, 0.000, 0.000, 0.000, 2.659,-4.170, 2.659
8czk,ranked_480.pdb,vinardo,9.819,14.985, 0.000, 0.000, 0.000, 1.755,-5.166, 1.755
8czk,ranked_481.pdb,vina,1.534, 2.341, 0.000, 0.000, 0.000, 2.489,-0.807, 2.489
8czk,ranked_481.pdb,vinardo,2.900, 4.426, 0.000, 0.000, 0.000, 1.587,-1.526, 1.587
8czk,ranked_482.pdb,vina,2.257, 3.445, 0.000, 0.000, 0.000, 4.453,-1.188, 4.453
8czk,ranked_482.pdb,vinardo,3.466, 5.289, 0.000, 0.000, 0.000, 3.348,-1.824, 3.348
8czk,ranked_483.pdb,vina,1.928,18.204, 0.000, 0.000, 0.000, 2.523,-6.276, 2.523
8czk,ranked_483.pdb,vinardo,5.669,23.913, 0.000, 0.000, 0.000, 1.692,-8.244, 1.692
8czk,ranked_484.pdb,vina,8.339,18.089, 0.000, 0.000, 0.000, 2.712,-9.750, 2.712
8czk,ranked_484.pdb,vinardo,10.469, 22.710,  0.000,  0.000,  0.000,  1.691,-12.241,  1.691
8czk,ranked_485.pdb,vina,9.972,15.219, 0.000, 0.000, 0.000, 3.962,-5.247, 3.962
8czk,ranked_485.pdb,vinardo,3.299,20.296, 0.000, 0.000, 0.000, 2.921,-6.997, 2.921
8czk,ranked_486.pdb,vina,20.220, 30.859,  0.000,  0.000,  0.000,  2.534,-10.639,  2.534
8czk,ranked_486.pdb,vinardo,23.729, 36.213,  0.000,  0.000,  0.000,  1.885,-12.485,  1.885
8czk,ranked_487.pdb,vina,0.056,-0.085, 0.000, 0.000, 0.000, 3.590, 0.029, 3.590
8czk,ranked_487.pdb,vinardo,1.332, 2.033, 0.000, 0.000, 0.000, 2.515,-0.701, 2.515
8czk,ranked_488.pdb,vina,1.439, 2.196, 0.000, 0.000, 0.000, 2.256,-0.757, 2.256
8czk,ranked_488.pdb,vinardo,2.701, 4.123, 0.000, 0.000, 0.000, 1.324,-1.421, 1.324
8czk,ranked_489.pdb,vina,9.718,14.831, 0.000, 0.000, 0.000, 6.381,-5.113, 6.381
8czk,ranked_489.pdb,vinardo,2.702,19.385, 0.000, 0.000, 0.000, 5.056,-6.683, 5.056
8czk,ranked_490.pdb,vina,9.851,15.035, 0.000, 0.000, 0.000, 6.011,-5.183, 6.011
8czk,ranked_490.pdb,vinardo,2.692,19.370, 0.000, 0.000, 0.000, 4.709,-6.678, 4.709
8czk,ranked_491.pdb,vina,5.452,11.827, 0.000, 0.000, 0.000, 3.759,-6.375, 3.759
8czk,ranked_491.pdb,vinardo,7.370,15.988, 0.000, 0.000, 0.000, 2.451,-8.618, 2.451
8czk,ranked_492.pdb,vina,6.323, 9.650, 0.000, 0.000, 0.000, 2.130,-3.327, 2.130
8czk,ranked_492.pdb,vinardo,8.553,13.053, 0.000, 0.000, 0.000, 1.366,-4.500, 1.366
8czk,ranked_493.pdb,vina,3.161, 4.825, 0.000, 0.000, 0.000, 5.041,-1.663, 5.041
8czk,ranked_493.pdb,vinardo,4.608, 7.032, 0.000, 0.000, 0.000, 3.772,-2.424, 3.772
8czk,ranked_494.pdb,vina,3.509, 7.611, 0.000, 0.000, 0.000, 2.798,-4.103, 2.798
8czk,ranked_494.pdb,vinardo,5.210,11.302, 0.000, 0.000, 0.000, 1.534,-6.092, 1.534
8czk,ranked_495.pdb,vina,1.326,17.286, 0.000, 0.000, 0.000, 2.311,-5.959, 2.311
8czk,ranked_495.pdb,vinardo,4.920,22.771, 0.000, 0.000, 0.000, 1.500,-7.850, 1.500
8czk,ranked_496.pdb,vina,3.630, 5.541, 0.000, 0.000, 0.000, 2.964,-1.910, 2.964
8czk,ranked_496.pdb,vinardo,5.385, 8.219, 0.000, 0.000, 0.000, 1.978,-2.833, 1.978
8czk,ranked_497.pdb,vina,19.973, 30.482,  0.000,  0.000,  0.000,  4.624,-10.509,  4.624
8czk,ranked_497.pdb,vinardo,24.970, 38.108,  0.000,  0.000,  0.000,  3.551,-13.138,  3.551
8czk,ranked_498.pdb,vina,1.207, 1.842, 0.000, 0.000, 0.000, 3.787,-0.635, 3.787
8czk,ranked_498.pdb,vinardo,2.108, 3.216, 0.000, 0.000, 0.000, 2.733,-1.109, 2.733
8czk,ranked_499.pdb,vina,6.605,10.080, 0.000, 0.000, 0.000, 7.606,-3.475, 7.606
8czk,ranked_499.pdb,vinardo,8.789,13.412, 0.000, 0.000, 0.000, 6.207,-4.624, 6.207
8czk,ranked_500.pdb,vina,5.029,22.937, 0.000, 0.000, 0.000, 1.686,-7.907, 1.686
8czk,ranked_500.pdb,vinardo,8.847,28.764, 0.000, 0.000, 0.000, 1.038,-9.916, 1.038
8czk,ranked_501.pdb,vina,0.568, 0.700, 0.000, 0.000, 0.000,-0.046,-0.133,-0.046
8czk,ranked_501.pdb,vinardo,0.742, 0.915, 0.000, 0.000, 0.000,-0.059,-0.173,-0.059
8czk,ranked_502.pdb,vina,23.403, 35.716,  0.000,  0.000,  0.000,  4.235,-12.313,  4.235
8czk,ranked_502.pdb,vinardo,28.006, 42.741,  0.000,  0.000,  0.000,  3.212,-14.735,  3.212
8czk,ranked_503.pdb,vina,0.962, 1.468, 0.000, 0.000, 0.000, 3.521,-0.506, 3.521
8czk,ranked_503.pdb,vinardo,1.969, 3.005, 0.000, 0.000, 0.000, 2.446,-1.036, 2.446
8czk,ranked_504.pdb,vina,0.372,15.829, 0.000, 0.000, 0.000, 3.274,-5.457, 3.274
8czk,ranked_504.pdb,vinardo,3.756,20.993, 0.000, 0.000, 0.000, 2.323,-7.237, 2.323
8czk,ranked_505.pdb,vina,4.885,22.716, 0.000, 0.000, 0.000, 5.518,-7.832, 5.518
8czk,ranked_505.pdb,vinardo,19.248, 29.375,  0.000,  0.000,  0.000,  4.331,-10.127,  4.331
8czk,ranked_506.pdb,vina,1.619,17.732, 0.000, 0.000, 0.000, 2.030,-6.113, 2.030
8czk,ranked_506.pdb,vinardo,5.525,23.693, 0.000, 0.000, 0.000, 1.263,-8.168, 1.263
8czk,ranked_507.pdb,vina,8.846,13.499, 0.000, 0.000, 0.000, 4.077,-4.654, 4.077
8czk,ranked_507.pdb,vinardo,1.922,18.194, 0.000, 0.000, 0.000, 3.028,-6.272, 3.028
8czk,ranked_508.pdb,vina,0.876, 1.336, 0.000, 0.000, 0.000, 2.162,-0.461, 2.162
8czk,ranked_508.pdb,vinardo,2.527, 3.857, 0.000, 0.000, 0.000, 1.156,-1.330, 1.156
8czk,ranked_509.pdb,vina,1.673, 2.553, 0.000, 0.000, 0.000, 2.251,-0.880, 2.251
8czk,ranked_509.pdb,vinardo,2.895, 4.419, 0.000, 0.000, 0.000, 1.311,-1.523, 1.311
8czk,ranked_510.pdb,vina,2.363, 3.606, 0.000, 0.000, 0.000, 7.257,-1.243, 7.257
8czk,ranked_510.pdb,vinardo,4.156, 6.343, 0.000, 0.000, 0.000, 5.936,-2.187, 5.936
8czk,ranked_511.pdb,vina,0.659,16.267, 0.000, 0.000, 0.000, 3.654,-5.608, 3.654
8czk,ranked_511.pdb,vinardo,3.820,21.092, 0.000, 0.000, 0.000, 2.694,-7.272, 2.694
8czk,ranked_512.pdb,vina,1.852,18.088, 0.000, 0.000, 0.000, 2.604,-6.236, 2.604
8czk,ranked_512.pdb,vinardo,4.213,21.691, 0.000, 0.000, 0.000, 1.747,-7.478, 1.747
8czk,ranked_513.pdb,vina,5.343,11.591, 0.000, 0.000, 0.000, 2.405,-6.247, 2.405
8czk,ranked_513.pdb,vinardo,7.036,15.263, 0.000, 0.000, 0.000, 1.268,-8.227, 1.268
8czk,ranked_514.pdb,vina,9.617,14.677, 0.000, 0.000, 0.000, 2.864,-5.060, 2.864
8czk,ranked_514.pdb,vinardo,2.498,19.074, 0.000, 0.000, 0.000, 1.988,-6.576, 1.988
8czk,ranked_515.pdb,vina,1.601,17.705, 0.000, 0.000, 0.000, 7.002,-6.104, 7.002
8czk,ranked_515.pdb,vinardo,4.618,22.309, 0.000, 0.000, 0.000, 5.650,-7.691, 5.650
8czk,ranked_516.pdb,vina,1.478, 2.256, 0.000, 0.000, 0.000, 3.392,-0.778, 3.392
8czk,ranked_516.pdb,vinardo,2.735, 4.175, 0.000, 0.000, 0.000, 2.352,-1.439, 2.352
8czk,ranked_517.pdb,vina,1.670,17.810, 0.000, 0.000, 0.000, 1.483,-6.140, 1.483
8czk,ranked_517.pdb,vinardo,5.425,23.540, 0.000, 0.000, 0.000, 0.852,-8.116, 0.852
8czk,ranked_518.pdb,vina,0.188,-0.233, 0.000, 0.000, 0.000,-0.047, 0.044,-0.047
8czk,ranked_518.pdb,vinardo,0.229, 0.282, 0.000, 0.000, 0.000,-0.057,-0.053,-0.057
8czk,ranked_519.pdb,vina,6.524, 9.956, 0.000, 0.000, 0.000, 2.801,-3.432, 2.801
8czk,ranked_519.pdb,vinardo,8.117,12.388, 0.000, 0.000, 0.000, 1.835,-4.271, 1.835
8czk,ranked_520.pdb,vina,2.546,19.147, 0.000, 0.000, 0.000, 7.420,-6.601, 7.420
8czk,ranked_520.pdb,vinardo,5.827,24.154, 0.000, 0.000, 0.000, 6.041,-8.327, 6.041
8czk,ranked_521.pdb,vina,0.813, 1.241, 0.000, 0.000, 0.000, 1.961,-0.428, 1.961
8czk,ranked_521.pdb,vinardo,2.060, 3.144, 0.000, 0.000, 0.000, 1.108,-1.084, 1.108
8czk,ranked_522.pdb,vina,28.779, 43.920,  0.000,  0.000,  0.000,  1.242,-15.142,  1.242
8czk,ranked_522.pdb,vinardo,32.648, 49.825,  0.000,  0.000,  0.000,  0.672,-17.177,  0.672
8czk,ranked_523.pdb,vina,5.250,23.274, 0.000, 0.000, 0.000, 8.066,-8.024, 8.066
8czk,ranked_523.pdb,vinardo,8.969,28.949, 0.000, 0.000, 0.000, 6.595,-9.980, 6.595
8czk,ranked_524.pdb,vina,3.141,20.055, 0.000, 0.000, 0.000, 2.492,-6.914, 2.492
8czk,ranked_524.pdb,vinardo,6.406,25.038, 0.000, 0.000, 0.000, 1.679,-8.632, 1.679
8czk,ranked_525.pdb,vina,7.294,11.131, 0.000, 0.000, 0.000, 1.442,-3.838, 1.442
8czk,ranked_525.pdb,vinardo,9.983,15.235, 0.000, 0.000, 0.000, 0.743,-5.252, 0.743
8czk,ranked_526.pdb,vina,8.273,12.626, 0.000, 0.000, 0.000, 6.926,-4.353, 6.926
8czk,ranked_526.pdb,vinardo,0.966,16.736, 0.000, 0.000, 0.000, 5.558,-5.770, 5.558
8czk,ranked_527.pdb,vina,0.742, 1.609, 0.000, 0.000, 0.000, 3.964,-0.867, 3.964
8czk,ranked_527.pdb,vinardo,1.804, 3.913, 0.000, 0.000, 0.000, 2.613,-2.109, 2.613
8czk,ranked_528.pdb,vina,6.462, 9.861, 0.000, 0.000, 0.000, 5.615,-3.400, 5.615
8czk,ranked_528.pdb,vinardo,8.631,13.173, 0.000, 0.000, 0.000, 4.389,-4.541, 4.389
8czk,ranked_529.pdb,vina,20.233, 30.878,  0.000,  0.000,  0.000,  2.304,-10.645,  2.304
8czk,ranked_529.pdb,vinardo,23.711, 36.187,  0.000,  0.000,  0.000,  1.662,-12.475,  1.662
8czk,ranked_530.pdb,vina,9.933,15.159, 0.000, 0.000, 0.000, 2.878,-5.226, 2.878
8czk,ranked_530.pdb,vinardo,3.141,20.055, 0.000, 0.000, 0.000, 1.991,-6.914, 1.991
8czk,ranked_531.pdb,vina,4.494, 6.859, 0.000, 0.000, 0.000, 6.364,-2.364, 6.364
8czk,ranked_531.pdb,vinardo,6.575,10.035, 0.000, 0.000, 0.000, 5.077,-3.459, 5.077
8czk,ranked_532.pdb,vina,8.354,12.749, 0.000, 0.000, 0.000, 5.293,-4.395, 5.293
8czk,ranked_532.pdb,vinardo,1.200,17.092, 0.000, 0.000, 0.000, 4.038,-5.893, 4.038
8czk,ranked_533.pdb,vina,2.942,19.752, 0.000, 0.000, 0.000, 3.029,-6.809, 3.029
8czk,ranked_533.pdb,vinardo,5.621,23.840, 0.000, 0.000, 0.000, 2.133,-8.219, 2.133
8czk,ranked_534.pdb,vina,0.645,16.245, 0.000, 0.000, 0.000, 3.872,-5.601, 3.872
8czk,ranked_534.pdb,vinardo,3.943,21.279, 0.000, 0.000, 0.000, 2.871,-7.336, 2.871
8czk,ranked_535.pdb,vina,6.401, 9.769, 0.000, 0.000, 0.000, 1.418,-3.368, 1.418
8czk,ranked_535.pdb,vinardo,8.493,12.961, 0.000, 0.000, 0.000, 0.683,-4.468, 0.683
8czk,ranked_536.pdb,vina,7.148,10.909, 0.000, 0.000, 0.000, 6.955,-3.761, 6.955
8czk,ranked_536.pdb,vinardo,9.321,14.225, 0.000, 0.000, 0.000, 5.596,-4.904, 5.596
8czk,ranked_537.pdb,vina,4.985,22.870, 0.000, 0.000, 0.000, 6.710,-7.884, 6.710
8czk,ranked_537.pdb,vinardo,8.917,28.871, 0.000, 0.000, 0.000, 5.396,-9.953, 5.396
8czk,ranked_538.pdb,vina,20.677, 31.555,  0.000,  0.000,  0.000,  2.303,-10.879,  2.303
8czk,ranked_538.pdb,vinardo,24.079, 36.747,  0.000,  0.000,  0.000,  1.679,-12.669,  1.679
8czk,ranked_539.pdb,vina,0.693, 1.058, 0.000, 0.000, 0.000, 3.245,-0.365, 3.245
8czk,ranked_539.pdb,vinardo,1.789, 2.730, 0.000, 0.000, 0.000, 2.200,-0.941, 2.200
8czk,ranked_540.pdb,vina,0.946, 1.444, 0.000, 0.000, 0.000, 2.456,-0.498, 2.456
8czk,ranked_540.pdb,vinardo,1.993, 3.041, 0.000, 0.000, 0.000, 1.530,-1.048, 1.530
8czk,ranked_541.pdb,vina,3.448, 7.479, 0.000, 0.000, 0.000, 6.614,-4.031, 6.614
8czk,ranked_541.pdb,vinardo,5.043,10.939, 0.000, 0.000, 0.000, 5.069,-5.896, 5.069
8czk,ranked_542.pdb,vina,6.093,24.561, 0.000, 0.000, 0.000, 4.603,-8.467, 4.603
8czk,ranked_542.pdb,vinardo,20.160, 30.767,  0.000,  0.000,  0.000,  3.544,-10.607,  3.544
8czk,ranked_543.pdb,vina,7.960,12.149, 0.000, 0.000, 0.000, 7.238,-4.188, 7.238
8czk,ranked_543.pdb,vinardo,0.397,15.867, 0.000, 0.000, 0.000, 5.876,-5.470, 5.876
8czk,ranked_544.pdb,vina,8.716,13.301, 0.000, 0.000, 0.000, 5.772,-4.586, 5.772
8czk,ranked_544.pdb,vinardo,1.561,17.644, 0.000, 0.000, 0.000, 4.481,-6.083, 4.481
8czk,ranked_545.pdb,vina,1.474, 2.249, 0.000, 0.000, 0.000, 3.013,-0.775, 3.013
8czk,ranked_545.pdb,vinardo,2.622, 4.002, 0.000, 0.000, 0.000, 2.050,-1.380, 2.050
8czk,ranked_546.pdb,vina,1.373,17.357, 0.000, 0.000, 0.000, 3.239,-5.984, 3.239
8czk,ranked_546.pdb,vinardo,4.983,22.867, 0.000, 0.000, 0.000, 2.310,-7.883, 2.310
8czk,ranked_547.pdb,vina,7.271,11.096, 0.000, 0.000, 0.000, 2.902,-3.825, 2.902
8czk,ranked_547.pdb,vinardo,8.986,13.715, 0.000, 0.000, 0.000, 1.980,-4.728, 1.980
8czk,ranked_548.pdb,vina,1.923, 4.171, 0.000, 0.000, 0.000, 3.701,-2.248, 3.701
8czk,ranked_548.pdb,vinardo,3.249, 7.048, 0.000, 0.000, 0.000, 2.182,-3.799, 2.182
8czk,ranked_549.pdb,vina,0.461,15.966, 0.000, 0.000, 0.000, 5.837,-5.504, 5.837
8czk,ranked_549.pdb,vinardo,3.712,20.927, 0.000, 0.000, 0.000, 4.535,-7.215, 4.535
8czk,ranked_550.pdb,vina,0.786, 1.200, 0.000, 0.000, 0.000, 3.373,-0.414, 3.373
8czk,ranked_550.pdb,vinardo,1.899, 2.897, 0.000, 0.000, 0.000, 2.423,-0.999, 2.423
8czk,ranked_551.pdb,vina,1.267, 2.749, 0.000, 0.000, 0.000, 3.340,-1.482, 3.340
8czk,ranked_551.pdb,vinardo,2.490, 5.400, 0.000, 0.000, 0.000, 2.183,-2.911, 2.183
8czk,ranked_552.pdb,vina,8.702,13.281, 0.000, 0.000, 0.000, 5.387,-4.579, 5.387
8czk,ranked_552.pdb,vinardo,1.486,17.529, 0.000, 0.000, 0.000, 4.136,-6.043, 4.136
8czk,ranked_553.pdb,vina,1.196, 2.594, 0.000, 0.000, 0.000, 3.464,-1.398, 3.464
8czk,ranked_553.pdb,vinardo,2.576, 5.589, 0.000, 0.000, 0.000, 1.952,-3.012, 1.952
8czk,ranked_554.pdb,vina,7.977,12.174, 0.000, 0.000, 0.000, 6.772,-4.197, 6.772
8czk,ranked_554.pdb,vinardo,0.456,15.957, 0.000, 0.000, 0.000, 5.437,-5.501, 5.437
8czk,ranked_555.pdb,vina,0.226,15.606, 0.000, 0.000, 0.000, 2.763,-5.380, 2.763
8czk,ranked_555.pdb,vinardo,3.598,20.752, 0.000, 0.000, 0.000, 1.874,-7.154, 1.874
8czk,ranked_556.pdb,vina,0.980,16.757, 0.000, 0.000, 0.000, 1.450,-5.777, 1.450
8czk,ranked_556.pdb,vinardo,4.943,22.805, 0.000, 0.000, 0.000, 0.821,-7.862, 0.821
8czk,ranked_557.pdb,vina,3.740,20.970, 0.000, 0.000, 0.000, 8.002,-7.229, 8.002
8czk,ranked_557.pdb,vinardo,7.561,26.800, 0.000, 0.000, 0.000, 6.571,-9.239, 6.571
8czk,ranked_558.pdb,vina,2.701,19.384, 0.000, 0.000, 0.000, 1.525,-6.683, 1.525
8czk,ranked_558.pdb,vinardo,6.485,25.158, 0.000, 0.000, 0.000, 0.900,-8.673, 0.900
8czk,ranked_559.pdb,vina,19.687, 30.046,  0.000,  0.000,  0.000,  5.113,-10.358,  5.113
8czk,ranked_559.pdb,vinardo,25.185, 38.436,  0.000,  0.000,  0.000,  3.982,-13.251,  3.982
8czk,ranked_560.pdb,vina,2.457,19.012, 0.000, 0.000, 0.000, 1.968,-6.554, 1.968
8czk,ranked_560.pdb,vinardo,6.098,24.568, 0.000, 0.000, 0.000, 1.267,-8.470, 1.267
8czk,ranked_561.pdb,vina,25.280, 54.838,  0.000,  0.000,  0.000,  9.594,-29.558,  9.594
8czk,ranked_561.pdb,vinardo,29.599, 64.207,  0.000,  0.000,  0.000,  7.799,-34.608,  7.799
8czk,ranked_562.pdb,vina,1.646,17.773, 0.000, 0.000, 0.000, 8.108,-6.127, 8.108
8czk,ranked_562.pdb,vinardo,4.692,22.421, 0.000, 0.000, 0.000, 6.670,-7.730, 6.670
8czk,ranked_563.pdb,vina,4.452,22.056, 0.000, 0.000, 0.000, 4.651,-7.604, 4.651
8czk,ranked_563.pdb,vinardo,8.110,27.638, 0.000, 0.000, 0.000, 3.582,-9.528, 3.582
8czk,ranked_564.pdb,vina,21.272, 32.464,  0.000,  0.000,  0.000,  1.898,-11.192,  1.898
8czk,ranked_564.pdb,vinardo,27.959, 42.670,  0.000,  0.000,  0.000,  1.082,-14.711,  1.082
8czk,ranked_565.pdb,vina,1.434,17.451, 0.000, 0.000, 0.000, 3.286,-6.016, 3.286
8czk,ranked_565.pdb,vinardo,4.792,22.575, 0.000, 0.000, 0.000, 2.329,-7.783, 2.329
8czk,ranked_566.pdb,vina,2.276,18.735, 0.000, 0.000, 0.000, 3.099,-6.459, 3.099
8czk,ranked_566.pdb,vinardo,5.396,23.497, 0.000, 0.000, 0.000, 2.222,-8.101, 2.222
8czk,ranked_567.pdb,vina,8.092,12.349, 0.000, 0.000, 0.000, 2.259,-4.257, 2.259
8czk,ranked_567.pdb,vinardo,0.128,15.457, 0.000, 0.000, 0.000, 1.411,-5.329, 1.411
8czk,ranked_568.pdb,vina,1.570,17.658, 0.000, 0.000, 0.000, 4.194,-6.088, 4.194
8czk,ranked_568.pdb,vinardo,5.353,23.431, 0.000, 0.000, 0.000, 3.172,-8.078, 3.172
8czk,ranked_569.pdb,vina,0.677,16.294, 0.000, 0.000, 0.000, 2.696,-5.617, 2.696
8czk,ranked_569.pdb,vinardo,4.157,21.606, 0.000, 0.000, 0.000, 1.847,-7.449, 1.847
8czk,ranked_570.pdb,vina,1.369, 2.090, 0.000, 0.000, 0.000, 1.951,-0.720, 1.951
8czk,ranked_570.pdb,vinardo,2.707, 4.132, 0.000, 0.000, 0.000, 1.115,-1.424, 1.115
8czk,ranked_571.pdb,vina,1.962, 2.994, 0.000, 0.000, 0.000, 3.693,-1.032, 3.693
8czk,ranked_571.pdb,vinardo,3.016, 4.603, 0.000, 0.000, 0.000, 2.695,-1.587, 2.695
8czk,ranked_572.pdb,vina,6.987,25.924, 0.000, 0.000, 0.000, 4.200,-8.937, 4.200
8czk,ranked_572.pdb,vinardo,21.808, 33.282,  0.000,  0.000,  0.000,  3.216,-11.474,  3.216
8czk,ranked_573.pdb,vina,1.938, 2.957, 0.000, 0.000, 0.000, 1.847,-1.020, 1.847
8czk,ranked_573.pdb,vinardo,3.215, 4.907, 0.000, 0.000, 0.000, 1.003,-1.692, 1.003
8czk,ranked_574.pdb,vina,1.413,17.418, 0.000, 0.000, 0.000, 3.031,-6.005, 3.031
8czk,ranked_574.pdb,vinardo,4.707,22.445, 0.000, 0.000, 0.000, 2.167,-7.738, 2.167
8czk,ranked_575.pdb,vina,7.503,26.712, 0.000, 0.000, 0.000, 4.453,-9.209, 4.453
8czk,ranked_575.pdb,vinardo,22.160, 33.819,  0.000,  0.000,  0.000,  3.426,-11.659,  3.426
8czk,ranked_576.pdb,vina,7.928,27.360, 0.000, 0.000, 0.000, 4.597,-9.432, 4.597
8czk,ranked_576.pdb,vinardo,22.332, 34.082,  0.000,  0.000,  0.000,  3.518,-11.750,  3.518
8czk,ranked_577.pdb,vina,4.518,22.156, 0.000, 0.000, 0.000, 1.475,-7.638, 1.475
8czk,ranked_577.pdb,vinardo,8.506,28.243, 0.000, 0.000, 0.000, 0.871,-9.737, 0.871
8czk,ranked_578.pdb,vina,1.102,16.943, 0.000, 0.000, 0.000, 1.884,-5.841, 1.884
8czk,ranked_578.pdb,vinardo,4.906,22.749, 0.000, 0.000, 0.000, 1.159,-7.843, 1.159
8czk,ranked_579.pdb,vina,2.323,18.806, 0.000, 0.000, 0.000, 2.974,-6.483, 2.974
8czk,ranked_579.pdb,vinardo,6.005,24.426, 0.000, 0.000, 0.000, 2.082,-8.421, 2.082
8czk,ranked_580.pdb,vina,19.468, 29.711,  0.000,  0.000,  0.000,  1.918,-10.243,  1.918
8czk,ranked_580.pdb,vinardo,23.091, 35.240,  0.000,  0.000,  0.000,  1.264,-12.149,  1.264
8czk,ranked_581.pdb,vina,0.707, 1.079, 0.000, 0.000, 0.000, 2.412,-0.372, 2.412
8czk,ranked_581.pdb,vinardo,2.097, 3.201, 0.000, 0.000, 0.000, 1.448,-1.103, 1.448
8czk,ranked_582.pdb,vina,8.387,12.800, 0.000, 0.000, 0.000, 5.520,-4.413, 5.520
8czk,ranked_582.pdb,vinardo,1.046,16.858, 0.000, 0.000, 0.000, 4.267,-5.812, 4.267
8czk,ranked_583.pdb,vina,9.345,14.261, 0.000, 0.000, 0.000, 6.186,-4.917, 6.186
8czk,ranked_583.pdb,vinardo,1.927,18.202, 0.000, 0.000, 0.000, 4.868,-6.275, 4.868
8czk,ranked_584.pdb,vina,19.858, 30.307,  0.000,  0.000,  0.000,  2.132,-10.448,  2.132
8czk,ranked_584.pdb,vinardo,23.501, 35.866,  0.000,  0.000,  0.000,  1.411,-12.365,  1.411
8czk,ranked_585.pdb,vina,20.223, 30.863,  0.000,  0.000,  0.000,  2.185,-10.640,  2.185
8czk,ranked_585.pdb,vinardo,23.873, 36.433,  0.000,  0.000,  0.000,  1.525,-12.560,  1.525
8czk,ranked_586.pdb,vina,2.806,19.544, 0.000, 0.000, 0.000, 4.275,-6.738, 4.275
8czk,ranked_586.pdb,vinardo,6.918,25.820, 0.000, 0.000, 0.000, 3.276,-8.901, 3.276
8czk,ranked_587.pdb,vina,2.191, 3.343, 0.000, 0.000, 0.000, 4.588,-1.153, 4.588
8czk,ranked_587.pdb,vinardo,3.384, 5.165, 0.000, 0.000, 0.000, 3.470,-1.780, 3.470
8czk,ranked_588.pdb,vina,4.708, 7.185, 0.000, 0.000, 0.000, 7.016,-2.477, 7.016
8czk,ranked_588.pdb,vinardo,6.622,10.106, 0.000, 0.000, 0.000, 5.692,-3.484, 5.692
8czk,ranked_589.pdb,vina,6.882,10.503, 0.000, 0.000, 0.000, 7.007,-3.621, 7.007
8czk,ranked_589.pdb,vinardo,9.219,14.069, 0.000, 0.000, 0.000, 5.683,-4.850, 5.683
8czk,ranked_590.pdb,vina,1.138, 1.736, 0.000, 0.000, 0.000, 3.892,-0.599, 3.892
8czk,ranked_590.pdb,vinardo,2.333, 3.560, 0.000, 0.000, 0.000, 2.832,-1.227, 2.832
8czk,ranked_591.pdb,vina,4.329,21.869, 0.000, 0.000, 0.000, 2.979,-7.539, 2.979
8czk,ranked_591.pdb,vinardo,7.626,26.900, 0.000, 0.000, 0.000, 2.114,-9.274, 2.114
8czk,ranked_592.pdb,vina,3.085,19.969, 0.000, 0.000, 0.000, 2.204,-6.884, 2.204
8czk,ranked_592.pdb,vinardo,6.795,25.632, 0.000, 0.000, 0.000, 1.343,-8.837, 1.343
8czk,ranked_593.pdb,vina,1.401,17.399, 0.000, 0.000, 0.000, 1.686,-5.999, 1.686
8czk,ranked_593.pdb,vinardo,5.090,23.030, 0.000, 0.000, 0.000, 0.998,-7.940, 0.998
8czk,ranked_594.pdb,vina,2.586,19.208, 0.000, 0.000, 0.000, 1.629,-6.622, 1.629
8czk,ranked_594.pdb,vinardo,6.376,24.992, 0.000, 0.000, 0.000, 0.990,-8.616, 0.990
8czk,ranked_595.pdb,vina,6.189, 9.445, 0.000, 0.000, 0.000, 7.503,-3.256, 7.503
8czk,ranked_595.pdb,vinardo,8.560,13.064, 0.000, 0.000, 0.000, 6.139,-4.504, 6.139
8czk,ranked_596.pdb,vina,0.027, 0.042, 0.000, 0.000, 0.000, 4.405,-0.014, 4.405
8czk,ranked_596.pdb,vinardo,1.078, 1.645, 0.000, 0.000, 0.000, 3.301,-0.567, 3.301
8czk,ranked_597.pdb,vina,0.489, 0.746, 0.000, 0.000, 0.000, 0.924,-0.257, 0.924
8czk,ranked_597.pdb,vinardo,1.921, 2.931, 0.000, 0.000, 0.000, 0.277,-1.010, 0.277
8czk,ranked_598.pdb,vina,9.889,15.091, 0.000, 0.000, 0.000, 4.169,-5.203, 4.169
8czk,ranked_598.pdb,vinardo,3.167,20.094, 0.000, 0.000, 0.000, 3.105,-6.928, 3.105
8czk,ranked_599.pdb,vina,1.398, 2.133, 0.000, 0.000, 0.000, 0.136,-0.735, 0.136
8czk,ranked_599.pdb,vinardo,2.879, 4.394, 0.000, 0.000, 0.000,-0.222,-1.515,-0.222
8czk,ranked_600.pdb,vina,6.783,10.352, 0.000, 0.000, 0.000, 2.697,-3.569, 2.697
8czk,ranked_600.pdb,vinardo,8.698,13.274, 0.000, 0.000, 0.000, 1.812,-4.576, 1.812
8czk,ranked_601.pdb,vina,0.283, 0.432, 0.000, 0.000, 0.000, 2.074,-0.149, 2.074
8czk,ranked_601.pdb,vinardo,1.438, 2.194, 0.000, 0.000, 0.000, 1.140,-0.756, 1.140
8czk,ranked_602.pdb,vina,0.376,-0.574, 0.000, 0.000, 0.000, 3.683, 0.198, 3.683
8czk,ranked_602.pdb,vinardo,0.643, 0.982, 0.000, 0.000, 0.000, 2.662,-0.339, 2.662
8czk,ranked_603.pdb,vina,5.972,24.375, 0.000, 0.000, 0.000, 3.438,-8.403, 3.438
8czk,ranked_603.pdb,vinardo,19.761, 30.158,  0.000,  0.000,  0.000,  2.489,-10.397,  2.489
8czk,ranked_604.pdb,vina,5.436,23.558, 0.000, 0.000, 0.000, 1.991,-8.122, 1.991
8czk,ranked_604.pdb,vinardo,8.859,28.782, 0.000, 0.000, 0.000, 1.298,-9.923, 1.298
8czk,ranked_605.pdb,vina,3.042, 4.643, 0.000, 0.000, 0.000, 2.632,-1.601, 2.632
8czk,ranked_605.pdb,vinardo,4.100, 6.257, 0.000, 0.000, 0.000, 1.688,-2.157, 1.688
8czk,ranked_606.pdb,vina,3.613,20.775, 0.000, 0.000, 0.000, 2.263,-7.162, 2.263
8czk,ranked_606.pdb,vinardo,7.185,26.227, 0.000, 0.000, 0.000, 1.489,-9.042, 1.489
8czk,ranked_607.pdb,vina,0.082,-0.125, 0.000, 0.000, 0.000, 3.195, 0.043, 3.195
8czk,ranked_607.pdb,vinardo,1.577, 2.407, 0.000, 0.000, 0.000, 2.121,-0.830, 2.121
8czk,ranked_608.pdb,vina,5.839,24.173, 0.000, 0.000, 0.000, 3.422,-8.334, 3.422
8czk,ranked_608.pdb,vinardo,19.627, 29.953,  0.000,  0.000,  0.000,  2.483,-10.326,  2.483
8czk,ranked_609.pdb,vina,0.792, 1.209, 0.000, 0.000, 0.000, 2.467,-0.417, 2.467
8czk,ranked_609.pdb,vinardo,1.985, 3.029, 0.000, 0.000, 0.000, 1.484,-1.044, 1.484
8czk,ranked_610.pdb,vina,1.032, 1.575, 0.000, 0.000, 0.000, 2.737,-0.543, 2.737
8czk,ranked_610.pdb,vinardo,2.775, 4.235, 0.000, 0.000, 0.000, 1.682,-1.460, 1.682
8czk,ranked_611.pdb,vina,5.119, 7.813, 0.000, 0.000, 0.000, 8.009,-2.693, 8.009
8czk,ranked_611.pdb,vinardo,7.142,10.899, 0.000, 0.000, 0.000, 6.605,-3.757, 6.605
8czk,ranked_612.pdb,vina,0.083,15.388, 0.000, 0.000, 0.000, 4.283,-5.305, 4.283
8czk,ranked_612.pdb,vinardo,2.943,19.754, 0.000, 0.000, 0.000, 3.253,-6.810, 3.253
8czk,ranked_613.pdb,vina,7.107,10.846, 0.000, 0.000, 0.000, 7.597,-3.739, 7.597
8czk,ranked_613.pdb,vinardo,9.289,14.177, 0.000, 0.000, 0.000, 6.190,-4.888, 6.190
8czk,ranked_614.pdb,vina,3.069,19.945, 0.000, 0.000, 0.000, 2.621,-6.876, 2.621
8czk,ranked_614.pdb,vinardo,6.457,25.116, 0.000, 0.000, 0.000, 1.788,-8.659, 1.788
8czk,ranked_615.pdb,vina,4.595,22.274, 0.000, 0.000, 0.000, 4.400,-7.679, 4.400
8czk,ranked_615.pdb,vinardo,8.946,28.914, 0.000, 0.000, 0.000, 3.379,-9.968, 3.379
8czk,ranked_616.pdb,vina,3.000e-03,-5.000e-03, 0.000e+00, 0.000e+00, 0.000e+00, 2.954e+00,
  2.000e-03, 2.954e+00
8czk,ranked_616.pdb,vinardo,0.947, 1.445, 0.000, 0.000, 0.000, 1.927,-0.498, 1.927
8czk,ranked_617.pdb,vina,3.372, 5.147, 0.000, 0.000, 0.000, 4.525,-1.774, 4.525
8czk,ranked_617.pdb,vinardo,4.843, 7.392, 0.000, 0.000, 0.000, 3.302,-2.548, 3.302
8czk,ranked_618.pdb,vina,0.162, 0.246, 0.000, 0.000, 0.000, 3.786,-0.085, 3.786
8czk,ranked_618.pdb,vinardo,1.400, 2.136, 0.000, 0.000, 0.000, 2.681,-0.736, 2.681
8czk,ranked_619.pdb,vina,2.286, 3.488, 0.000, 0.000, 0.000, 6.410,-1.203, 6.410
8czk,ranked_619.pdb,vinardo,3.472, 5.299, 0.000, 0.000, 0.000, 5.025,-1.827, 5.025
8czk,ranked_620.pdb,vina,1.761, 2.687, 0.000, 0.000, 0.000, 3.548,-0.926, 3.548
8czk,ranked_620.pdb,vinardo,3.124, 4.768, 0.000, 0.000, 0.000, 2.425,-1.644, 2.425
8czk,ranked_621.pdb,vina,0.097, 0.149, 0.000, 0.000, 0.000, 4.486,-0.051, 4.486
8czk,ranked_621.pdb,vinardo,1.311, 2.000, 0.000, 0.000, 0.000, 3.342,-0.690, 3.342
8czk,ranked_622.pdb,vina,0.448,-0.684, 0.000, 0.000, 0.000, 3.528, 0.236, 3.528
8czk,ranked_622.pdb,vinardo,0.938, 1.432, 0.000, 0.000, 0.000, 2.432,-0.494, 2.432
8czk,ranked_623.pdb,vina,1.731,17.904, 0.000, 0.000, 0.000, 3.056,-6.172, 3.056
8czk,ranked_623.pdb,vinardo,4.806,22.596, 0.000, 0.000, 0.000, 2.188,-7.790, 2.188
8czk,ranked_624.pdb,vina,0.000, 0.000, 0.000, 0.000, 0.000, 3.394,-0.000, 3.394
8czk,ranked_624.pdb,vinardo,1.137, 1.736, 0.000, 0.000, 0.000, 2.368,-0.598, 2.368
8czk,ranked_625.pdb,vina,9.409,14.360, 0.000, 0.000, 0.000, 5.953,-4.951, 5.953
8czk,ranked_625.pdb,vinardo,2.131,18.513, 0.000, 0.000, 0.000, 4.650,-6.382, 4.650
8czk,ranked_626.pdb,vina,2.220,18.649, 0.000, 0.000, 0.000, 3.411,-6.429, 3.411
8czk,ranked_626.pdb,vinardo,5.679,23.928, 0.000, 0.000, 0.000, 2.462,-8.249, 2.462
8czk,ranked_627.pdb,vina,2.601,19.231, 0.000, 0.000, 0.000, 5.670,-6.630, 5.670
8czk,ranked_627.pdb,vinardo,5.908,24.277, 0.000, 0.000, 0.000, 4.456,-8.370, 4.456
8czk,ranked_628.pdb,vina,3.497,20.598, 0.000, 0.000, 0.000, 1.362,-7.101, 1.362
8czk,ranked_628.pdb,vinardo,6.951,25.870, 0.000, 0.000, 0.000, 0.776,-8.919, 0.776
8czk,ranked_629.pdb,vina,3.471,20.559, 0.000, 0.000, 0.000, 1.533,-7.088, 1.533
8czk,ranked_629.pdb,vinardo,7.326,26.442, 0.000, 0.000, 0.000, 0.930,-9.116, 0.930
8czk,ranked_630.pdb,vina,2.311,18.788, 0.000, 0.000, 0.000, 8.214,-6.477, 8.214
8czk,ranked_630.pdb,vinardo,5.311,23.366, 0.000, 0.000, 0.000, 6.745,-8.056, 6.745
8czk,ranked_631.pdb,vina,0.679, 1.037, 0.000, 0.000, 0.000, 3.896,-0.357, 3.896
8czk,ranked_631.pdb,vinardo,1.799, 2.745, 0.000, 0.000, 0.000, 2.750,-0.946, 2.750
8czk,ranked_632.pdb,vina,4.739,22.493, 0.000, 0.000, 0.000, 4.392,-7.755, 4.392
8czk,ranked_632.pdb,vinardo,8.894,28.835, 0.000, 0.000, 0.000, 3.364,-9.941, 3.364
8czk,ranked_633.pdb,vina,2.851,19.612, 0.000, 0.000, 0.000, 4.050,-6.761, 4.050
8czk,ranked_633.pdb,vinardo,6.208,24.736, 0.000, 0.000, 0.000, 3.031,-8.528, 3.031
8czk,ranked_634.pdb,vina,3.314,20.319, 0.000, 0.000, 0.000, 2.862,-7.005, 2.862
8czk,ranked_634.pdb,vinardo,6.711,25.503, 0.000, 0.000, 0.000, 2.005,-8.792, 2.005
8czk,ranked_635.pdb,vina,1.425, 2.175, 0.000, 0.000, 0.000, 4.529,-0.750, 4.529
8czk,ranked_635.pdb,vinardo,2.536, 3.870, 0.000, 0.000, 0.000, 3.309,-1.334, 3.309
8czk,ranked_636.pdb,vina,0.285,15.697, 0.000, 0.000, 0.000, 4.205,-5.411, 4.205
8czk,ranked_636.pdb,vinardo,3.221,20.177, 0.000, 0.000, 0.000, 3.182,-6.956, 3.182
8czk,ranked_637.pdb,vina,1.250,17.170, 0.000, 0.000, 0.000, 5.233,-5.919, 5.233
8czk,ranked_637.pdb,vinardo,4.641,22.344, 0.000, 0.000, 0.000, 4.106,-7.703, 4.106
8czk,ranked_638.pdb,vina,7.422,26.588, 0.000, 0.000, 0.000, 2.338,-9.166, 2.338
8czk,ranked_638.pdb,vinardo,20.823, 31.779,  0.000,  0.000,  0.000,  1.724,-10.956,  1.724
8czk,ranked_639.pdb,vina,0.746, 1.139, 0.000, 0.000, 0.000, 2.434,-0.393, 2.434
8czk,ranked_639.pdb,vinardo,2.362, 3.605, 0.000, 0.000, 0.000, 1.430,-1.243, 1.430
8czk,ranked_640.pdb,vina,1.195,17.085, 0.000, 0.000, 0.000, 4.846,-5.890, 4.846
8czk,ranked_640.pdb,vinardo,4.543,22.195, 0.000, 0.000, 0.000, 3.730,-7.652, 3.730
8czk,ranked_641.pdb,vina,0.715,16.352, 0.000, 0.000, 0.000, 3.865,-5.637, 3.865
8czk,ranked_641.pdb,vinardo,4.103,21.523, 0.000, 0.000, 0.000, 2.871,-7.420, 2.871
8czk,ranked_642.pdb,vina,20.225, 30.865,  0.000,  0.000,  0.000,  2.207,-10.641,  2.207
8czk,ranked_642.pdb,vinardo,23.723, 36.204,  0.000,  0.000,  0.000,  1.588,-12.481,  1.588
8czk,ranked_643.pdb,vina,4.191,21.657, 0.000, 0.000, 0.000, 4.160,-7.466, 4.160
8czk,ranked_643.pdb,vinardo,7.351,26.480, 0.000, 0.000, 0.000, 3.190,-9.129, 3.190
8czk,ranked_644.pdb,vina,12.376, 25.399,  0.000,  0.000,  0.000, 14.322,-13.023, 14.322
8czk,ranked_644.pdb,vinardo,16.752, 34.380,  0.000,  0.000,  0.000, 13.519,-17.628, 13.519
8czk,ranked_645.pdb,vina,8.210,27.791, 0.000, 0.000, 0.000, 3.432,-9.581, 3.432
8czk,ranked_645.pdb,vinardo,23.359, 35.649,  0.000,  0.000,  0.000,  2.551,-12.290,  2.551
8czk,ranked_646.pdb,vina,7.986,27.449, 0.000, 0.000, 0.000, 1.810,-9.463, 1.810
8czk,ranked_646.pdb,vinardo,21.894, 33.413,  0.000,  0.000,  0.000,  1.184,-11.519,  1.184
8czk,ranked_647.pdb,vina,2.325,18.809, 0.000, 0.000, 0.000, 4.056,-6.484, 4.056
8czk,ranked_647.pdb,vinardo,5.463,23.599, 0.000, 0.000, 0.000, 3.049,-8.136, 3.049
8czk,ranked_648.pdb,vina,2.189, 3.341, 0.000, 0.000, 0.000, 6.255,-1.152, 6.255
8czk,ranked_648.pdb,vinardo,3.432, 5.238, 0.000, 0.000, 0.000, 4.949,-1.806, 4.949
8czk,ranked_649.pdb,vina,2.565, 3.914, 0.000, 0.000, 0.000, 4.787,-1.349, 4.787
8czk,ranked_649.pdb,vinardo,3.755, 5.730, 0.000, 0.000, 0.000, 3.579,-1.976, 3.579
8czk,ranked_650.pdb,vina,4.515,22.152, 0.000, 0.000, 0.000, 2.784,-7.637, 2.784
8czk,ranked_650.pdb,vinardo,7.737,27.069, 0.000, 0.000, 0.000, 1.955,-9.332, 1.955
8czk,ranked_651.pdb,vina,1.075, 1.641, 0.000, 0.000, 0.000, 2.379,-0.566, 2.379
8czk,ranked_651.pdb,vinardo,2.396, 3.657, 0.000, 0.000, 0.000, 1.423,-1.261, 1.423
8czk,ranked_652.pdb,vina,4.076, 8.843, 0.000, 0.000, 0.000, 4.987,-4.766, 4.987
8czk,ranked_652.pdb,vinardo,6.897,14.960, 0.000, 0.000, 0.000, 3.782,-8.064, 3.782
8czk,ranked_653.pdb,vina,21.019, 32.078,  0.000,  0.000,  0.000,  2.171,-11.059,  2.171
8czk,ranked_653.pdb,vinardo,24.591, 37.530,  0.000,  0.000,  0.000,  1.557,-12.939,  1.557
8czk,ranked_654.pdb,vina,0.212, 0.324, 0.000, 0.000, 0.000, 5.044,-0.112, 5.044
8czk,ranked_654.pdb,vinardo,1.285, 1.960, 0.000, 0.000, 0.000, 3.908,-0.676, 3.908
8czk,ranked_655.pdb,vina,19.672, 30.022,  0.000,  0.000,  0.000,  2.523,-10.350,  2.523
8czk,ranked_655.pdb,vinardo,23.159, 35.343,  0.000,  0.000,  0.000,  1.779,-12.185,  1.779
8czk,ranked_656.pdb,vina,2.261, 3.451, 0.000, 0.000, 0.000, 5.035,-1.190, 5.035
8czk,ranked_656.pdb,vinardo,3.613, 5.514, 0.000, 0.000, 0.000, 3.729,-1.901, 3.729
8czk,ranked_657.pdb,vina,1.300, 1.985, 0.000, 0.000, 0.000, 3.546,-0.684, 3.546
8czk,ranked_657.pdb,vinardo,2.523, 3.851, 0.000, 0.000, 0.000, 2.450,-1.328, 2.450
8czk,ranked_658.pdb,vina,5.267,10.809, 0.000, 0.000, 0.000, 7.224,-5.542, 7.224
8czk,ranked_658.pdb,vinardo,8.502,17.449, 0.000, 0.000, 0.000, 5.902,-8.947, 5.902
8czk,ranked_659.pdb,vina,0.057,-0.087, 0.000, 0.000, 0.000, 3.232, 0.030, 3.232
8czk,ranked_659.pdb,vinardo,1.135, 1.732, 0.000, 0.000, 0.000, 2.187,-0.597, 2.187
8czk,ranked_660.pdb,vina,3.745,20.977, 0.000, 0.000, 0.000, 3.377,-7.232, 3.377
8czk,ranked_660.pdb,vinardo,7.004,25.951, 0.000, 0.000, 0.000, 2.483,-8.947, 2.483
8czk,ranked_661.pdb,vina,9.001,28.998, 0.000, 0.000, 0.000, 3.519,-9.997, 3.519
8czk,ranked_661.pdb,vinardo,22.501, 34.340,  0.000,  0.000,  0.000,  2.645,-11.839,  2.645
8czk,ranked_662.pdb,vina,1.493,17.540, 0.000, 0.000, 0.000, 4.286,-6.047, 4.286
8czk,ranked_662.pdb,vinardo,5.213,23.216, 0.000, 0.000, 0.000, 3.268,-8.004, 3.268
8czk,ranked_663.pdb,vina,0.612, 0.934, 0.000, 0.000, 0.000, 4.011,-0.322, 4.011
8czk,ranked_663.pdb,vinardo,2.139, 3.265, 0.000, 0.000, 0.000, 2.857,-1.125, 2.857
8czk,ranked_664.pdb,vina,0.064, 0.098, 0.000, 0.000, 0.000, 4.733,-0.034, 4.733
8czk,ranked_664.pdb,vinardo,1.343, 2.050, 0.000, 0.000, 0.000, 3.534,-0.707, 3.534
8czk,ranked_665.pdb,vina,0.340, 0.519, 0.000, 0.000, 0.000, 2.052,-0.179, 2.052
8czk,ranked_665.pdb,vinardo,1.450, 2.214, 0.000, 0.000, 0.000, 1.181,-0.763, 1.181
8czk,ranked_666.pdb,vina,2.392,18.912, 0.000, 0.000, 0.000, 2.832,-6.520, 2.832
8czk,ranked_666.pdb,vinardo,6.222,24.757, 0.000, 0.000, 0.000, 1.965,-8.535, 1.965
8czk,ranked_667.pdb,vina,1.661, 2.535, 0.000, 0.000, 0.000, 3.468,-0.874, 3.468
8czk,ranked_667.pdb,vinardo,2.814, 4.294, 0.000, 0.000, 0.000, 2.438,-1.480, 2.438
8czk,ranked_668.pdb,vina,19.149, 29.223,  0.000,  0.000,  0.000,  3.291,-10.075,  3.291
8czk,ranked_668.pdb,vinardo,24.455, 37.322,  0.000,  0.000,  0.000,  2.461,-12.867,  2.461
8czk,ranked_669.pdb,vina,20.731, 31.638,  0.000,  0.000,  0.000,  2.259,-10.907,  2.259
8czk,ranked_669.pdb,vinardo,24.249, 37.007,  0.000,  0.000,  0.000,  1.642,-12.758,  1.642
8czk,ranked_670.pdb,vina,0.538, 0.821, 0.000, 0.000, 0.000, 5.207,-0.283, 5.207
8czk,ranked_670.pdb,vinardo,2.078, 3.172, 0.000, 0.000, 0.000, 3.995,-1.093, 3.995
8czk,ranked_671.pdb,vina,7.750,27.089, 0.000, 0.000, 0.000, 3.166,-9.339, 3.166
8czk,ranked_671.pdb,vinardo,20.961, 31.990,  0.000,  0.000,  0.000,  2.291,-11.029,  2.291
8czk,ranked_672.pdb,vina,21.374, 32.620,  0.000,  0.000,  0.000,  2.277,-11.246,  2.277
8czk,ranked_672.pdb,vinardo,24.819, 37.878,  0.000,  0.000,  0.000,  1.661,-13.058,  1.661
8czk,ranked_673.pdb,vina,1.272, 1.941, 0.000, 0.000, 0.000, 1.406,-0.669, 1.406
8czk,ranked_673.pdb,vinardo,2.827, 4.315, 0.000, 0.000, 0.000, 0.678,-1.488, 0.678
8czk,ranked_674.pdb,vina,3.465, 5.288, 0.000, 0.000, 0.000, 2.011,-1.823, 2.011
8czk,ranked_674.pdb,vinardo,5.609, 8.560, 0.000, 0.000, 0.000, 1.180,-2.951, 1.180
8czk,ranked_675.pdb,vina,4.875,22.701, 0.000, 0.000, 0.000, 3.749,-7.826, 3.749
8czk,ranked_675.pdb,vinardo,8.623,28.421, 0.000, 0.000, 0.000, 2.776,-9.798, 2.776
8czk,ranked_676.pdb,vina,1.824, 2.784, 0.000, 0.000, 0.000, 3.956,-0.960, 3.956
8czk,ranked_676.pdb,vinardo,3.126, 4.771, 0.000, 0.000, 0.000, 2.779,-1.645, 2.779
8czk,ranked_677.pdb,vina,6.148,24.645, 0.000, 0.000, 0.000, 1.968,-8.496, 1.968
8czk,ranked_677.pdb,vinardo,19.582, 29.884,  0.000,  0.000,  0.000,  1.258,-10.303,  1.258
8czk,ranked_678.pdb,vina,1.051, 2.279, 0.000, 0.000, 0.000, 7.532,-1.229, 7.532
8czk,ranked_678.pdb,vinardo,2.164, 4.694, 0.000, 0.000, 0.000, 6.163,-2.530, 6.163
8czk,ranked_679.pdb,vina,4.584,22.257, 0.000, 0.000, 0.000, 5.185,-7.673, 5.185
8czk,ranked_679.pdb,vinardo,8.883,28.818, 0.000, 0.000, 0.000, 4.036,-9.935, 4.036
8czk,ranked_680.pdb,vina,5.260,23.289, 0.000, 0.000, 0.000, 2.351,-8.029, 2.351
8czk,ranked_680.pdb,vinardo,8.656,28.472, 0.000, 0.000, 0.000, 1.599,-9.816, 1.599
8czk,ranked_681.pdb,vina,1.311, 2.001, 0.000, 0.000, 0.000, 4.360,-0.690, 4.360
8czk,ranked_681.pdb,vinardo,3.205, 4.891, 0.000, 0.000, 0.000, 3.107,-1.686, 3.107
8czk,ranked_682.pdb,vina,5.213,23.217, 0.000, 0.000, 0.000, 5.402,-8.004, 5.402
8czk,ranked_682.pdb,vinardo,19.236, 29.357,  0.000,  0.000,  0.000,  4.223,-10.121,  4.223
8czk,ranked_683.pdb,vina,1.632, 2.491, 0.000, 0.000, 0.000, 4.464,-0.859, 4.464
8czk,ranked_683.pdb,vinardo,2.923, 4.460, 0.000, 0.000, 0.000, 3.336,-1.538, 3.336
8czk,ranked_684.pdb,vina,21.676, 33.080,  0.000,  0.000,  0.000,  2.332,-11.404,  2.332
8czk,ranked_684.pdb,vinardo,25.256, 38.543,  0.000,  0.000,  0.000,  1.709,-13.288,  1.709
8czk,ranked_685.pdb,vina,1.107, 1.690, 0.000, 0.000, 0.000, 5.627,-0.582, 5.627
8czk,ranked_685.pdb,vinardo,2.242, 3.422, 0.000, 0.000, 0.000, 4.315,-1.180, 4.315
8czk,ranked_686.pdb,vina,20.318, 31.008,  0.000,  0.000,  0.000,  2.302,-10.690,  2.302
8czk,ranked_686.pdb,vinardo,23.877, 36.439,  0.000,  0.000,  0.000,  1.564,-12.562,  1.564
8czk,ranked_687.pdb,vina,0.857,16.569, 0.000, 0.000, 0.000, 4.424,-5.712, 4.424
8czk,ranked_687.pdb,vinardo,3.783,21.035, 0.000, 0.000, 0.000, 3.360,-7.252, 3.360
8czk,ranked_688.pdb,vina,3.866,21.162, 0.000, 0.000, 0.000, 3.206,-7.296, 3.206
8czk,ranked_688.pdb,vinardo,7.082,26.070, 0.000, 0.000, 0.000, 2.320,-8.988, 2.320
8czk,ranked_689.pdb,vina,3.536,20.658, 0.000, 0.000, 0.000, 5.602,-7.122, 5.602
8czk,ranked_689.pdb,vinardo,7.609,26.874, 0.000, 0.000, 0.000, 4.390,-9.265, 4.390
8czk,ranked_690.pdb,vina,3.106, 4.740, 0.000, 0.000, 0.000, 3.210,-1.634, 3.210
8czk,ranked_690.pdb,vinardo,4.664, 7.117, 0.000, 0.000, 0.000, 2.213,-2.454, 2.213
8czk,ranked_691.pdb,vina,21.660, 33.055,  0.000,  0.000,  0.000,  2.312,-11.396,  2.312
8czk,ranked_691.pdb,vinardo,25.235, 38.512,  0.000,  0.000,  0.000,  1.690,-13.277,  1.690
8czk,ranked_692.pdb,vina,7.089,26.080, 0.000, 0.000, 0.000, 2.725,-8.991, 2.725
8czk,ranked_692.pdb,vinardo,20.484, 31.262,  0.000,  0.000,  0.000,  2.094,-10.778,  2.094
8czk,ranked_693.pdb,vina,2.433,18.974, 0.000, 0.000, 0.000, 4.015,-6.541, 4.015
8czk,ranked_693.pdb,vinardo,5.582,23.781, 0.000, 0.000, 0.000, 3.022,-8.198, 3.022
8czk,ranked_694.pdb,vina,2.133,18.517, 0.000, 0.000, 0.000, 5.742,-6.384, 5.742
8czk,ranked_694.pdb,vinardo,5.776,24.076, 0.000, 0.000, 0.000, 4.508,-8.300, 4.508
8czk,ranked_695.pdb,vina,1.166, 1.780, 0.000, 0.000, 0.000, 2.315,-0.614, 2.315
8czk,ranked_695.pdb,vinardo,2.440, 3.723, 0.000, 0.000, 0.000, 1.419,-1.284, 1.419
8czk,ranked_696.pdb,vina,3.278,20.264, 0.000, 0.000, 0.000, 3.565,-6.986, 3.565
8czk,ranked_696.pdb,vinardo,6.512,25.200, 0.000, 0.000, 0.000, 2.630,-8.688, 2.630
8czk,ranked_697.pdb,vina,2.413,18.944, 0.000, 0.000, 0.000, 3.149,-6.531, 3.149
8czk,ranked_697.pdb,vinardo,5.559,23.745, 0.000, 0.000, 0.000, 2.239,-8.186, 2.239
8czk,ranked_698.pdb,vina,12.363, 27.541,  0.000,  0.000,  0.000,  9.897,-15.178,  9.897
8czk,ranked_698.pdb,vinardo,16.193, 36.073,  0.000,  0.000,  0.000,  8.353,-19.880,  8.353
8czk,ranked_699.pdb,vina,2.446,18.995, 0.000, 0.000, 0.000, 2.638,-6.549, 2.638
8czk,ranked_699.pdb,vinardo,5.854,24.195, 0.000, 0.000, 0.000, 1.798,-8.341, 1.798
8czk,ranked_700.pdb,vina,0.495, 0.755, 0.000, 0.000, 0.000, 2.254,-0.260, 2.254
8czk,ranked_700.pdb,vinardo,1.865, 2.846, 0.000, 0.000, 0.000, 1.333,-0.981, 1.333
8czk,ranked_701.pdb,vina,0.671, 1.023, 0.000, 0.000, 0.000, 3.617,-0.353, 3.617
8czk,ranked_701.pdb,vinardo,1.779, 2.715, 0.000, 0.000, 0.000, 2.545,-0.936, 2.545
8czk,ranked_702.pdb,vina,20.288, 30.963,  0.000,  0.000,  0.000,  4.088,-10.674,  4.088
8czk,ranked_702.pdb,vinardo,25.349, 38.686,  0.000,  0.000,  0.000,  3.141,-13.337,  3.141
8czk,ranked_703.pdb,vina,1.936, 2.955, 0.000, 0.000, 0.000, 5.508,-1.019, 5.508
8czk,ranked_703.pdb,vinardo,3.031, 4.626, 0.000, 0.000, 0.000, 4.279,-1.595, 4.279
8czk,ranked_704.pdb,vina,0.345,-0.526, 0.000, 0.000, 0.000, 6.111, 0.181, 6.111
8czk,ranked_704.pdb,vinardo,1.087, 1.659, 0.000, 0.000, 0.000, 4.891,-0.572, 4.891
8czk,ranked_705.pdb,vina,0.582,-0.889, 0.000, 0.000, 0.000, 4.710, 0.306, 4.710
8czk,ranked_705.pdb,vinardo,0.799, 1.219, 0.000, 0.000, 0.000, 3.571,-0.420, 3.571
8czk,ranked_706.pdb,vina,0.779, 1.188, 0.000, 0.000, 0.000, 4.106,-0.410, 4.106
8czk,ranked_706.pdb,vinardo,1.951, 2.978, 0.000, 0.000, 0.000, 3.028,-1.027, 3.028
8czk,ranked_707.pdb,vina,0.100,-0.153, 0.000, 0.000, 0.000, 4.313, 0.053, 4.313
8czk,ranked_707.pdb,vinardo,1.139, 1.738, 0.000, 0.000, 0.000, 3.248,-0.599, 3.248
8czk,ranked_708.pdb,vina,0.330, 0.504, 0.000, 0.000, 0.000, 1.684,-0.174, 1.684
8czk,ranked_708.pdb,vinardo,1.369, 2.089, 0.000, 0.000, 0.000, 0.823,-0.720, 0.823
8czk,ranked_709.pdb,vina,4.023,21.402, 0.000, 0.000, 0.000, 3.540,-7.378, 3.540
8czk,ranked_709.pdb,vinardo,6.949,25.867, 0.000, 0.000, 0.000, 2.629,-8.918, 2.629
8czk,ranked_710.pdb,vina,1.209, 1.845, 0.000, 0.000, 0.000, 5.973,-0.636, 5.973
8czk,ranked_710.pdb,vinardo,2.315, 3.532, 0.000, 0.000, 0.000, 4.624,-1.218, 4.624
8czk,ranked_711.pdb,vina,2.509,19.091, 0.000, 0.000, 0.000, 4.163,-6.582, 4.163
8czk,ranked_711.pdb,vinardo,6.223,24.759, 0.000, 0.000, 0.000, 3.156,-8.536, 3.156
8czk,ranked_712.pdb,vina,6.046,24.488, 0.000, 0.000, 0.000, 3.885,-8.442, 3.885
8czk,ranked_712.pdb,vinardo,20.614, 31.460,  0.000,  0.000,  0.000,  2.938,-10.846,  2.938
8czk,ranked_713.pdb,vina,21.142, 32.265,  0.000,  0.000,  0.000,  2.212,-11.124,  2.212
8czk,ranked_713.pdb,vinardo,24.505, 37.398,  0.000,  0.000,  0.000,  1.590,-12.893,  1.590
8czk,ranked_714.pdb,vina,20.246, 30.898,  0.000,  0.000,  0.000,  2.521,-10.652,  2.521
8czk,ranked_714.pdb,vinardo,23.813, 36.342,  0.000,  0.000,  0.000,  1.837,-12.529,  1.837
8czk,ranked_715.pdb,vina,3.333,20.348, 0.000, 0.000, 0.000, 3.957,-7.015, 3.957
8czk,ranked_715.pdb,vinardo,7.300,26.402, 0.000, 0.000, 0.000, 2.980,-9.102, 2.980
8czk,ranked_716.pdb,vina,30.065, 63.460,  0.000,  0.000,  0.000,  1.459,-33.395,  1.459
8czk,ranked_716.pdb,vinardo,33.641, 71.008,  0.000,  0.000,  0.000,  0.873,-37.367,  0.873
8czk,ranked_717.pdb,vina,1.507,17.561, 0.000, 0.000, 0.000, 3.151,-6.054, 3.151
8czk,ranked_717.pdb,vinardo,4.477,22.093, 0.000, 0.000, 0.000, 2.243,-7.617, 2.243
8czk,ranked_718.pdb,vina,19.055, 29.080,  0.000,  0.000,  0.000,  2.449,-10.026,  2.449
8czk,ranked_718.pdb,vinardo,22.331, 34.080,  0.000,  0.000,  0.000,  1.836,-11.749,  1.836
8czk,ranked_719.pdb,vina,4.885,22.716, 0.000, 0.000, 0.000, 3.467,-7.831, 3.467
8czk,ranked_719.pdb,vinardo,8.429,28.125, 0.000, 0.000, 0.000, 2.552,-9.696, 2.552
8czk,ranked_720.pdb,vina,20.514, 31.307,  0.000,  0.000,  0.000,  2.110,-10.793,  2.110
8czk,ranked_720.pdb,vinardo,23.951, 36.552,  0.000,  0.000,  0.000,  1.481,-12.601,  1.481
8czk,ranked_721.pdb,vina,4.734,22.485, 0.000, 0.000, 0.000, 4.019,-7.752, 4.019
8czk,ranked_721.pdb,vinardo,19.055, 29.081,  0.000,  0.000,  0.000,  3.049,-10.026,  3.049
8czk,ranked_722.pdb,vina,1.542, 2.354, 0.000, 0.000, 0.000, 5.039,-0.811, 5.039
8czk,ranked_722.pdb,vinardo,3.078, 4.697, 0.000, 0.000, 0.000, 3.712,-1.619, 3.712
8czk,ranked_723.pdb,vina,2.972, 4.535, 0.000, 0.000, 0.000, 2.408,-1.564, 2.408
8czk,ranked_723.pdb,vinardo,4.551, 6.945, 0.000, 0.000, 0.000, 1.469,-2.394, 1.469
8czk,ranked_724.pdb,vina,0.788, 1.203, 0.000, 0.000, 0.000, 4.607,-0.415, 4.607
8czk,ranked_724.pdb,vinardo,1.939, 2.960, 0.000, 0.000, 0.000, 3.415,-1.020, 3.415
8czk,ranked_725.pdb,vina,5.910,24.281, 0.000, 0.000, 0.000, 3.516,-8.371, 3.516
8czk,ranked_725.pdb,vinardo,19.125, 29.187,  0.000,  0.000,  0.000,  2.580,-10.062,  2.580
8czk,ranked_726.pdb,vina,21.028, 32.091,  0.000,  0.000,  0.000,  2.174,-11.064,  2.174
8czk,ranked_726.pdb,vinardo,24.395, 37.231,  0.000,  0.000,  0.000,  1.552,-12.835,  1.552
8czk,ranked_727.pdb,vina,1.520, 2.320, 0.000, 0.000, 0.000, 5.414,-0.800, 5.414
8czk,ranked_727.pdb,vinardo,3.048, 4.651, 0.000, 0.000, 0.000, 4.063,-1.603, 4.063
8czk,ranked_728.pdb,vina,1.300,17.246, 0.000, 0.000, 0.000, 4.754,-5.946, 4.754
8czk,ranked_728.pdb,vinardo,4.831,22.635, 0.000, 0.000, 0.000, 3.671,-7.803, 3.671
8czk,ranked_729.pdb,vina,2.815, 4.296, 0.000, 0.000, 0.000, 3.704,-1.481, 3.704
8czk,ranked_729.pdb,vinardo,3.992, 6.093, 0.000, 0.000, 0.000, 2.723,-2.101, 2.723
8czk,ranked_730.pdb,vina,24.872, 37.958,  0.000,  0.000,  0.000,  1.840,-13.086,  1.840
8czk,ranked_730.pdb,vinardo,29.075, 44.373,  0.000,  0.000,  0.000,  1.114,-15.298,  1.114
8czk,ranked_731.pdb,vina,2.539, 3.875, 0.000, 0.000, 0.000, 6.819,-1.336, 6.819
8czk,ranked_731.pdb,vinardo,3.779, 5.768, 0.000, 0.000, 0.000, 5.471,-1.988, 5.471
8czk,ranked_732.pdb,vina,0.251, 0.382, 0.000, 0.000, 0.000, 5.738,-0.132, 5.738
8czk,ranked_732.pdb,vinardo,1.698, 2.591, 0.000, 0.000, 0.000, 4.545,-0.893, 4.545
8czk,ranked_733.pdb,vina,2.376, 3.627, 0.000, 0.000, 0.000, 6.239,-1.250, 6.239
8czk,ranked_733.pdb,vinardo,3.417, 5.214, 0.000, 0.000, 0.000, 4.986,-1.798, 4.986
8czk,ranked_734.pdb,vina,2.176,18.583, 0.000, 0.000, 0.000, 4.908,-6.406, 4.908
8czk,ranked_734.pdb,vinardo,5.499,23.653, 0.000, 0.000, 0.000, 3.832,-8.155, 3.832
8czk,ranked_735.pdb,vina,0.091, 0.139, 0.000, 0.000, 0.000, 7.042,-0.048, 7.042
8czk,ranked_735.pdb,vinardo,1.407, 2.148, 0.000, 0.000, 0.000, 5.772,-0.740, 5.772
8czk,ranked_736.pdb,vina,0.046, 0.071, 0.000, 0.000, 0.000, 4.260,-0.024, 4.260
8czk,ranked_736.pdb,vinardo,1.273, 1.943, 0.000, 0.000, 0.000, 3.139,-0.670, 3.139
8czk,ranked_737.pdb,vina,0.248,-0.378, 0.000, 0.000, 0.000, 4.117, 0.130, 4.117
8czk,ranked_737.pdb,vinardo,1.249, 1.905, 0.000, 0.000, 0.000, 2.963,-0.657, 2.963
8czk,ranked_738.pdb,vina,8.724,28.576, 0.000, 0.000, 0.000, 2.346,-9.852, 2.346
8czk,ranked_738.pdb,vinardo,22.126, 33.768,  0.000,  0.000,  0.000,  1.731,-11.642,  1.731
8czk,ranked_739.pdb,vina,2.042, 3.117, 0.000, 0.000, 0.000, 5.548,-1.075, 5.548
8czk,ranked_739.pdb,vinardo,3.561, 5.435, 0.000, 0.000, 0.000, 4.189,-1.874, 4.189
8czk,ranked_740.pdb,vina,31.852, 67.232,  0.000,  0.000,  0.000,  1.521,-35.380,  1.521
8czk,ranked_740.pdb,vinardo,35.694, 75.341,  0.000,  0.000,  0.000,  0.914,-39.647,  0.914
8czk,ranked_741.pdb,vina,1.507, 2.301, 0.000, 0.000, 0.000, 6.080,-0.793, 6.080
8czk,ranked_741.pdb,vinardo,3.077, 4.696, 0.000, 0.000, 0.000, 4.679,-1.619, 4.679
8czk,ranked_742.pdb,vina,2.764, 4.218, 0.000, 0.000, 0.000, 6.525,-1.454, 6.525
8czk,ranked_742.pdb,vinardo,4.170, 6.365, 0.000, 0.000, 0.000, 5.100,-2.194, 5.100
8czk,ranked_743.pdb,vina,0.660, 1.008, 0.000, 0.000, 0.000, 6.491,-0.347, 6.491
8czk,ranked_743.pdb,vinardo,1.831, 2.795, 0.000, 0.000, 0.000, 5.131,-0.963, 5.131
8czk,ranked_744.pdb,vina,20.034, 30.575,  0.000,  0.000,  0.000,  2.266,-10.541,  2.266
8czk,ranked_744.pdb,vinardo,23.679, 36.137,  0.000,  0.000,  0.000,  1.635,-12.458,  1.635
8czk,ranked_745.pdb,vina,5.789, 8.834, 0.000, 0.000, 0.000, 3.918,-3.046, 3.918
8czk,ranked_745.pdb,vinardo,8.779,13.398, 0.000, 0.000, 0.000, 2.699,-4.619, 2.699
8czk,ranked_746.pdb,vina,2.713, 4.141, 0.000, 0.000, 0.000, 6.769,-1.428, 6.769
8czk,ranked_746.pdb,vinardo,4.358, 6.651, 0.000, 0.000, 0.000, 5.328,-2.293, 5.328
8czk,ranked_747.pdb,vina,4.455, 6.798, 0.000, 0.000, 0.000, 3.574,-2.344, 3.574
8czk,ranked_747.pdb,vinardo,7.091,10.821, 0.000, 0.000, 0.000, 2.405,-3.731, 2.405
8czk,ranked_748.pdb,vina,4.395, 6.708, 0.000, 0.000, 0.000, 6.615,-2.313, 6.615
8czk,ranked_748.pdb,vinardo,5.719, 8.728, 0.000, 0.000, 0.000, 5.376,-3.009, 5.376
8czk,ranked_749.pdb,vina,0.839, 1.280, 0.000, 0.000, 0.000, 2.863,-0.441, 2.863
8czk,ranked_749.pdb,vinardo,2.427, 3.703, 0.000, 0.000, 0.000, 1.827,-1.277, 1.827
8czk,ranked_750.pdb,vina,25.210, 54.685,  0.000,  0.000,  0.000,  8.224,-29.476,  8.224
8czk,ranked_750.pdb,vinardo,31.130, 67.527,  0.000,  0.000,  0.000,  7.590,-36.397,  7.590
8czk,ranked_751.pdb,vina,0.221,-0.337, 0.000, 0.000, 0.000, 2.590, 0.116, 2.590
8czk,ranked_751.pdb,vinardo,1.150, 1.755, 0.000, 0.000, 0.000, 1.552,-0.605, 1.552
8czk,ranked_752.pdb,vina,0.056, 0.085, 0.000, 0.000, 0.000, 5.218,-0.029, 5.218
8czk,ranked_752.pdb,vinardo,1.195, 1.823, 0.000, 0.000, 0.000, 4.055,-0.629, 4.055
8czk,ranked_753.pdb,vina,1.828, 2.790, 0.000, 0.000, 0.000, 5.381,-0.962, 5.381
8czk,ranked_753.pdb,vinardo,3.438, 5.246, 0.000, 0.000, 0.000, 4.049,-1.809, 4.049
8czk,ranked_754.pdb,vina,20.569, 31.391,  0.000,  0.000,  0.000,  1.191,-10.822,  1.191
8czk,ranked_754.pdb,vinardo,24.516, 37.414,  0.000,  0.000,  0.000,  0.522,-12.899,  0.522
8czk,ranked_755.pdb,vina,8.407,12.830, 0.000, 0.000, 0.000, 5.079,-4.423, 5.079
8czk,ranked_755.pdb,vinardo,1.444,17.465, 0.000, 0.000, 0.000, 3.948,-6.021, 3.948
8czk,ranked_756.pdb,vina,2.548, 3.889, 0.000, 0.000, 0.000, 5.739,-1.341, 5.739
8czk,ranked_756.pdb,vinardo,3.787, 5.780, 0.000, 0.000, 0.000, 4.383,-1.993, 4.383
8czk,ranked_757.pdb,vina,0.434, 0.662, 0.000, 0.000, 0.000, 5.267,-0.228, 5.267
8czk,ranked_757.pdb,vinardo,2.203, 3.362, 0.000, 0.000, 0.000, 4.096,-1.159, 4.096
8czk,ranked_758.pdb,vina,2.743, 4.187, 0.000, 0.000, 0.000, 1.041,-1.443, 1.041
8czk,ranked_758.pdb,vinardo,4.373, 6.674, 0.000, 0.000, 0.000, 0.340,-2.301, 0.340
8czk,ranked_759.pdb,vina,0.020,-0.031, 0.000, 0.000, 0.000, 3.328, 0.011, 3.328
8czk,ranked_759.pdb,vinardo,1.095, 1.671, 0.000, 0.000, 0.000, 2.245,-0.576, 2.245
8czk,ranked_760.pdb,vina,2.300, 3.510, 0.000, 0.000, 0.000, 2.628,-1.210, 2.628
8czk,ranked_760.pdb,vinardo,3.731, 5.695, 0.000, 0.000, 0.000, 1.626,-1.963, 1.626
8czk,ranked_761.pdb,vina,1.626, 2.481, 0.000, 0.000, 0.000, 2.917,-0.855, 2.917
8czk,ranked_761.pdb,vinardo,3.045, 4.646, 0.000, 0.000, 0.000, 1.911,-1.602, 1.911
8czk,ranked_762.pdb,vina,2.915, 4.448, 0.000, 0.000, 0.000, 4.448,-1.534, 4.448
8czk,ranked_762.pdb,vinardo,5.154, 7.866, 0.000, 0.000, 0.000, 3.234,-2.712, 3.234
8czk,ranked_763.pdb,vina,0.469, 0.716, 0.000, 0.000, 0.000, 2.254,-0.247, 2.254
8czk,ranked_763.pdb,vinardo,1.858, 2.836, 0.000, 0.000, 0.000, 1.275,-0.978, 1.275
8czk,ranked_764.pdb,vina,0.209, 0.319, 0.000, 0.000, 0.000, 5.902,-0.110, 5.902
8czk,ranked_764.pdb,vinardo,1.323, 2.018, 0.000, 0.000, 0.000, 4.583,-0.696, 4.583
8czk,ranked_765.pdb,vina,2.144, 3.272, 0.000, 0.000, 0.000, 4.373,-1.128, 4.373
8czk,ranked_765.pdb,vinardo,3.799, 5.797, 0.000, 0.000, 0.000, 3.208,-1.999, 3.208
8czk,ranked_766.pdb,vina,4.839, 7.385, 0.000, 0.000, 0.000, 4.333,-2.546, 4.333
8czk,ranked_766.pdb,vinardo,7.639,11.659, 0.000, 0.000, 0.000, 3.086,-4.019, 3.086
8czk,ranked_767.pdb,vina,0.277, 0.423, 0.000, 0.000, 0.000, 6.892,-0.146, 6.892
8czk,ranked_767.pdb,vinardo,1.310, 2.000, 0.000, 0.000, 0.000, 5.640,-0.689, 5.640
8czk,ranked_768.pdb,vina,1.755, 2.679, 0.000, 0.000, 0.000, 6.009,-0.924, 6.009
8czk,ranked_768.pdb,vinardo,3.295, 5.029, 0.000, 0.000, 0.000, 4.614,-1.734, 4.614
8czk,ranked_769.pdb,vina,1.536, 2.344, 0.000, 0.000, 0.000, 4.970,-0.808, 4.970
8czk,ranked_769.pdb,vinardo,2.984, 4.554, 0.000, 0.000, 0.000, 3.689,-1.570, 3.689
8czk,ranked_770.pdb,vina,0.155,-0.236, 0.000, 0.000, 0.000, 3.392, 0.081, 3.392
8czk,ranked_770.pdb,vinardo,1.207, 1.842, 0.000, 0.000, 0.000, 2.288,-0.635, 2.288
8czk,ranked_771.pdb,vina,10.731, 23.277,  0.000,  0.000,  0.000,  6.325,-12.546,  6.325
8czk,ranked_771.pdb,vinardo,14.430, 31.300,  0.000,  0.000,  0.000,  4.971,-16.871,  4.971
8czk,ranked_772.pdb,vina,0.083, 0.127, 0.000, 0.000, 0.000, 7.258,-0.044, 7.258
8czk,ranked_772.pdb,vinardo,1.261, 1.925, 0.000, 0.000, 0.000, 5.956,-0.664, 5.956
8czk,ranked_773.pdb,vina,4.878, 7.445, 0.000, 0.000, 0.000, 4.459,-2.567, 4.459
8czk,ranked_773.pdb,vinardo,6.454, 9.849, 0.000, 0.000, 0.000, 3.285,-3.396, 3.285
8czk,ranked_774.pdb,vina,3.949, 6.027, 0.000, 0.000, 0.000, 4.597,-2.078, 4.597
8czk,ranked_774.pdb,vinardo,6.389, 9.751, 0.000, 0.000, 0.000, 3.308,-3.362, 3.308
8czk,ranked_775.pdb,vina,0.560, 0.855, 0.000, 0.000, 0.000, 4.895,-0.295, 4.895
8czk,ranked_775.pdb,vinardo,1.905, 2.907, 0.000, 0.000, 0.000, 3.676,-1.002, 3.676
8czk,ranked_776.pdb,vina,2.664,19.327, 0.000, 0.000, 0.000, 3.497,-6.663, 3.497
8czk,ranked_776.pdb,vinardo,6.475,25.143, 0.000, 0.000, 0.000, 2.430,-8.668, 2.430
8czk,ranked_777.pdb,vina,1.433, 2.187, 0.000, 0.000, 0.000, 4.345,-0.754, 4.345
8czk,ranked_777.pdb,vinardo,2.823, 4.309, 0.000, 0.000, 0.000, 3.195,-1.485, 3.195
8czk,ranked_778.pdb,vina,0.751, 1.147, 0.000, 0.000, 0.000, 5.375,-0.395, 5.375
8czk,ranked_778.pdb,vinardo,2.001, 3.054, 0.000, 0.000, 0.000, 4.164,-1.053, 4.164
8czk,ranked_779.pdb,vina,0.438, 0.668, 0.000, 0.000, 0.000, 3.916,-0.230, 3.916
8czk,ranked_779.pdb,vinardo,1.726, 2.635, 0.000, 0.000, 0.000, 2.804,-0.908, 2.804
8czk,ranked_780.pdb,vina,7.046,15.284, 0.000, 0.000, 0.000, 2.370,-8.238, 2.370
8czk,ranked_780.pdb,vinardo, 9.387, 20.362,  0.000,  0.000,  0.000,  1.234,-10.975,  1.234
8czk,ranked_781.pdb,vina,4.053, 6.185, 0.000, 0.000, 0.000, 3.453,-2.132, 3.453
8czk,ranked_781.pdb,vinardo,6.253, 9.543, 0.000, 0.000, 0.000, 2.301,-3.290, 2.301
8czk,ranked_782.pdb,vina,2.605, 3.975, 0.000, 0.000, 0.000, 4.673,-1.370, 4.673
8czk,ranked_782.pdb,vinardo,3.876, 5.915, 0.000, 0.000, 0.000, 3.471,-2.039, 3.471
8czk,ranked_783.pdb,vina,0.902, 1.376, 0.000, 0.000, 0.000, 3.948,-0.474, 3.948
8czk,ranked_783.pdb,vinardo,2.418, 3.689, 0.000, 0.000, 0.000, 2.808,-1.272, 2.808
8czk,ranked_784.pdb,vina,3.667, 5.597, 0.000, 0.000, 0.000, 6.998,-1.929, 6.998
8czk,ranked_784.pdb,vinardo,5.176, 7.900, 0.000, 0.000, 0.000, 5.679,-2.723, 5.679
8czk,ranked_785.pdb,vina,0.928, 1.416, 0.000, 0.000, 0.000, 4.248,-0.488, 4.248
8czk,ranked_785.pdb,vinardo,2.713, 4.141, 0.000, 0.000, 0.000, 3.131,-1.427, 3.131
8czk,ranked_786.pdb,vina,0.543, 0.829, 0.000, 0.000, 0.000, 5.148,-0.286, 5.148
8czk,ranked_786.pdb,vinardo,2.264, 3.455, 0.000, 0.000, 0.000, 3.990,-1.191, 3.990
8czk,ranked_787.pdb,vina,3.087, 6.697, 0.000, 0.000, 0.000, 5.286,-3.610, 5.286
8czk,ranked_787.pdb,vinardo,4.812,10.439, 0.000, 0.000, 0.000, 3.843,-5.627, 3.843
8czk,ranked_788.pdb,vina,21.329, 46.266,  0.000,  0.000,  0.000,  7.990,-24.937,  7.990
8czk,ranked_788.pdb,vinardo,25.310, 54.902,  0.000,  0.000,  0.000,  6.433,-29.592,  6.433
8czk,ranked_789.pdb,vina,21.235, 46.063,  0.000,  0.000,  0.000, 13.848,-24.828, 13.848
8czk,ranked_789.pdb,vinardo,24.950, 54.121,  0.000,  0.000,  0.000, 12.164,-29.171, 12.164
8czk,ranked_790.pdb,vina,1.714, 2.617, 0.000, 0.000, 0.000, 3.650,-0.902, 3.650
8czk,ranked_790.pdb,vinardo,3.098, 4.728, 0.000, 0.000, 0.000, 2.540,-1.630, 2.540
8czk,ranked_791.pdb,vina,13.137, 28.496,  0.000,  0.000,  0.000, 10.443,-15.359, 10.443
8czk,ranked_791.pdb,vinardo,14.821, 32.150,  0.000,  0.000,  0.000,  8.606,-17.329,  8.606
8czk,ranked_792.pdb,vina,16.297, 35.352,  0.000,  0.000,  0.000,  7.786,-19.055,  7.786
8czk,ranked_792.pdb,vinardo,19.319, 41.907,  0.000,  0.000,  0.000,  6.407,-22.588,  6.407
8czk,ranked_793.pdb,vina,3.383,20.424, 0.000, 0.000, 0.000, 1.698,-7.041, 1.698
8czk,ranked_793.pdb,vinardo,7.357,26.489, 0.000, 0.000, 0.000, 0.936,-9.132, 0.936
8czk,ranked_794.pdb,vina,1.246,17.162, 0.000, 0.000, 0.000, 3.725,-5.917, 3.725
8czk,ranked_794.pdb,vinardo,4.399,21.974, 0.000, 0.000, 0.000, 2.563,-7.576, 2.563
8czk,ranked_795.pdb,vina,1.242, 1.896, 0.000, 0.000, 0.000, 5.286,-0.654, 5.286
8czk,ranked_795.pdb,vinardo,3.045, 4.647, 0.000, 0.000, 0.000, 4.084,-1.602, 4.084
8czk,ranked_796.pdb,vina,0.993, 1.515, 0.000, 0.000, 0.000, 6.258,-0.522, 6.258
8czk,ranked_796.pdb,vinardo,2.254, 3.441, 0.000, 0.000, 0.000, 5.034,-1.186, 5.034
8czk,ranked_797.pdb,vina,1.715, 2.618, 0.000, 0.000, 0.000, 5.388,-0.902, 5.388
8czk,ranked_797.pdb,vinardo,2.965, 4.525, 0.000, 0.000, 0.000, 4.227,-1.560, 4.227
8czk,ranked_798.pdb,vina,14.777, 32.053,  0.000,  0.000,  0.000,  9.674,-17.277,  9.674
8czk,ranked_798.pdb,vinardo,16.422, 35.623,  0.000,  0.000,  0.000,  8.085,-19.201,  8.085
8czk,ranked_799.pdb,vina,2.047, 3.125, 0.000, 0.000, 0.000, 6.037,-1.077, 6.037
8czk,ranked_799.pdb,vinardo,3.874, 5.913, 0.000, 0.000, 0.000, 4.701,-2.038, 4.701
8czk,ranked_800.pdb,vina,0.844,16.550, 0.000, 0.000, 0.000, 2.299,-5.706, 2.299
8czk,ranked_800.pdb,vinardo,4.396,21.970, 0.000, 0.000, 0.000, 1.410,-7.574, 1.410
8czk,ranked_801.pdb,vina,0.550,16.101, 0.000, 0.000, 0.000, 3.432,-5.551, 3.432
8czk,ranked_801.pdb,vinardo,3.684,20.883, 0.000, 0.000, 0.000, 2.259,-7.200, 2.259
8czk,ranked_802.pdb,vina,36.789, 56.146,  0.000,  0.000,  0.000,  0.979,-19.356,  0.979
8czk,ranked_802.pdb,vinardo,41.980, 64.067,  0.000,  0.000,  0.000,  0.378,-22.087,  0.378
8czk,ranked_803.pdb,vina,7.302,26.405, 0.000, 0.000, 0.000, 1.620,-9.103, 1.620
8czk,ranked_803.pdb,vinardo,21.965, 33.522,  0.000,  0.000,  0.000,  0.841,-11.557,  0.841
8czk,ranked_804.pdb,vina,1.119, 1.707, 0.000, 0.000, 0.000, 3.256,-0.589, 3.256
8czk,ranked_804.pdb,vinardo,2.801, 4.275, 0.000, 0.000, 0.000, 2.152,-1.474, 2.152
8czk,ranked_805.pdb,vina,2.877,19.652, 0.000, 0.000, 0.000, 2.174,-6.775, 2.174
8czk,ranked_805.pdb,vinardo,6.781,25.610, 0.000, 0.000, 0.000, 1.299,-8.829, 1.299
8czk,ranked_806.pdb,vina,9.057,13.823, 0.000, 0.000, 0.000, 2.234,-4.765, 2.234
8czk,ranked_806.pdb,vinardo,2.160,18.558, 0.000, 0.000, 0.000, 1.332,-6.398, 1.332
8czk,ranked_807.pdb,vina,2.685,19.359, 0.000, 0.000, 0.000, 2.800,-6.674, 2.800
8czk,ranked_807.pdb,vinardo,6.452,25.107, 0.000, 0.000, 0.000, 1.810,-8.656, 1.810
8czk,ranked_808.pdb,vina,30.134, 45.988,  0.000,  0.000,  0.000,  1.471,-15.854,  1.471
8czk,ranked_808.pdb,vinardo,35.006, 53.424,  0.000,  0.000,  0.000,  0.773,-18.418,  0.773
8czk,ranked_809.pdb,vina,8.977,13.700, 0.000, 0.000, 0.000, 3.866,-4.723, 3.866
8czk,ranked_809.pdb,vinardo,2.018,18.341, 0.000, 0.000, 0.000, 2.667,-6.323, 2.667
8czk,ranked_810.pdb,vina,0.875,16.597, 0.000, 0.000, 0.000, 3.988,-5.722, 3.988
8czk,ranked_810.pdb,vinardo,4.215,21.694, 0.000, 0.000, 0.000, 2.818,-7.479, 2.818
8czk,ranked_811.pdb,vina,8.889,28.827, 0.000, 0.000, 0.000, 3.209,-9.938, 3.209
8czk,ranked_811.pdb,vinardo,22.778, 34.762,  0.000,  0.000,  0.000,  2.065,-11.984,  2.065
8czk,ranked_812.pdb,vina,3.726,20.947, 0.000, 0.000, 0.000, 3.830,-7.222, 3.830
8czk,ranked_812.pdb,vinardo,7.601,26.862, 0.000, 0.000, 0.000, 2.660,-9.261, 2.660
8czk,ranked_813.pdb,vina,1.416,17.422, 0.000, 0.000, 0.000, 3.420,-6.006, 3.420
8czk,ranked_813.pdb,vinardo,4.954,22.822, 0.000, 0.000, 0.000, 2.320,-7.868, 2.320
8czk,ranked_814.pdb,vina,0.966,16.736, 0.000, 0.000, 0.000, 2.157,-5.770, 2.157
8czk,ranked_814.pdb,vinardo,4.481,22.100, 0.000, 0.000, 0.000, 1.280,-7.619, 1.280
8czk,ranked_815.pdb,vina,4.321,21.856, 0.000, 0.000, 0.000, 3.928,-7.535, 3.928
8czk,ranked_815.pdb,vinardo,8.221,27.808, 0.000, 0.000, 0.000, 2.749,-9.587, 2.749
8czk,ranked_816.pdb,vina,8.703,13.282, 0.000, 0.000, 0.000, 3.242,-4.579, 3.242
8czk,ranked_816.pdb,vinardo,1.441,17.460, 0.000, 0.000, 0.000, 2.070,-6.019, 2.070
8czk,ranked_817.pdb,vina,0.866,16.583, 0.000, 0.000, 0.000, 3.375,-5.717, 3.375
8czk,ranked_817.pdb,vinardo,4.096,21.513, 0.000, 0.000, 0.000, 2.200,-7.416, 2.200
8czk,ranked_818.pdb,vina,1.233,17.144, 0.000, 0.000, 0.000, 3.240,-5.910, 3.240
8czk,ranked_818.pdb,vinardo,4.528,22.172, 0.000, 0.000, 0.000, 2.025,-7.644, 2.025
8czk,ranked_819.pdb,vina,4.100,21.518, 0.000, 0.000, 0.000, 1.872,-7.418, 1.872
8czk,ranked_819.pdb,vinardo,8.238,27.833, 0.000, 0.000, 0.000, 1.038,-9.596, 1.038
8czk,ranked_820.pdb,vina,2.637,19.286, 0.000, 0.000, 0.000, 2.475,-6.649, 2.475
8czk,ranked_820.pdb,vinardo,6.342,24.940, 0.000, 0.000, 0.000, 1.566,-8.598, 1.566
8czk,ranked_821.pdb,vina,4.074,21.479, 0.000, 0.000, 0.000, 3.448,-7.405, 3.448
8czk,ranked_821.pdb,vinardo,7.732,27.061, 0.000, 0.000, 0.000, 2.272,-9.329, 2.272
8czk,ranked_822.pdb,vina,7.781,11.874, 0.000, 0.000, 0.000, 3.825,-4.094, 3.825
8czk,ranked_822.pdb,vinardo,0.585,16.154, 0.000, 0.000, 0.000, 2.638,-5.569, 2.638
8czk,ranked_823.pdb,vina,0.764,16.427, 0.000, 0.000, 0.000, 4.147,-5.663, 4.147
8czk,ranked_823.pdb,vinardo,4.103,21.523, 0.000, 0.000, 0.000, 2.941,-7.420, 2.941
8czk,ranked_824.pdb,vina,8.307,12.678, 0.000, 0.000, 0.000, 2.701,-4.371, 2.701
8czk,ranked_824.pdb,vinardo,1.481,17.522, 0.000, 0.000, 0.000, 1.779,-6.041, 1.779
8czk,ranked_825.pdb,vina,7.937,12.114, 0.000, 0.000, 0.000, 3.554,-4.176, 3.554
8czk,ranked_825.pdb,vinardo,0.672,16.287, 0.000, 0.000, 0.000, 2.410,-5.615, 2.410
8czk,ranked_826.pdb,vina,36.991, 56.454,  0.000,  0.000,  0.000,  1.784,-19.463,  1.784
8czk,ranked_826.pdb,vinardo,42.161, 64.344,  0.000,  0.000,  0.000,  0.973,-22.183,  0.973
8czk,ranked_827.pdb,vina,8.669,13.230, 0.000, 0.000, 0.000, 4.090,-4.561, 4.090
8czk,ranked_827.pdb,vinardo,1.558,17.639, 0.000, 0.000, 0.000, 2.872,-6.081, 2.872
8czk,ranked_828.pdb,vina,25.251, 38.537,  0.000,  0.000,  0.000,  1.520,-13.286,  1.520
8czk,ranked_828.pdb,vinardo,30.036, 45.840,  0.000,  0.000,  0.000,  0.796,-15.803,  0.796
8czk,ranked_829.pdb,vina,24.310, 37.100,  0.000,  0.000,  0.000,  1.633,-12.790,  1.633
8czk,ranked_829.pdb,vinardo,29.053, 44.339,  0.000,  0.000,  0.000,  0.885,-15.286,  0.885
8czk,ranked_830.pdb,vina,5.411,23.519, 0.000, 0.000, 0.000, 3.878,-8.108, 3.878
8czk,ranked_830.pdb,vinardo,19.473, 29.718,  0.000,  0.000,  0.000,  2.665,-10.245,  2.665
8czk,ranked_831.pdb,vina,32.414, 49.468,  0.000,  0.000,  0.000,  1.510,-17.054,  1.510
8czk,ranked_831.pdb,vinardo,37.545, 57.299,  0.000,  0.000,  0.000,  0.815,-19.754,  0.815
8czk,ranked_832.pdb,vina,9.608,14.664, 0.000, 0.000, 0.000, 2.436,-5.055, 2.436
8czk,ranked_832.pdb,vinardo,3.030,19.885, 0.000, 0.000, 0.000, 1.541,-6.855, 1.541
8czk,ranked_833.pdb,vina,5.632,23.857, 0.000, 0.000, 0.000, 3.691,-8.225, 3.691
8czk,ranked_833.pdb,vinardo,19.666, 30.013,  0.000,  0.000,  0.000,  2.509,-10.347,  2.509
8czk,ranked_834.pdb,vina,3.041,19.903, 0.000, 0.000, 0.000, 3.582,-6.862, 3.582
8czk,ranked_834.pdb,vinardo,6.498,25.178, 0.000, 0.000, 0.000, 2.393,-8.680, 2.393
8czk,ranked_835.pdb,vina,4.787,22.566, 0.000, 0.000, 0.000, 3.738,-7.780, 3.738
8czk,ranked_835.pdb,vinardo,8.591,28.372, 0.000, 0.000, 0.000, 2.537,-9.781, 2.537
8czk,ranked_836.pdb,vina,0.547,16.097, 0.000, 0.000, 0.000, 1.827,-5.549, 1.827
8czk,ranked_836.pdb,vinardo,4.290,21.808, 0.000, 0.000, 0.000, 1.010,-7.519, 1.010
8czk,ranked_837.pdb,vina,8.851,13.508, 0.000, 0.000, 0.000, 2.266,-4.657, 2.266
8czk,ranked_837.pdb,vinardo,2.101,18.467, 0.000, 0.000, 0.000, 1.361,-6.367, 1.361
8czk,ranked_838.pdb,vina,3.679,20.876, 0.000, 0.000, 0.000, 3.626,-7.197, 3.626
8czk,ranked_838.pdb,vinardo,7.028,25.987, 0.000, 0.000, 0.000, 2.447,-8.959, 2.447
8czk,ranked_839.pdb,vina,5.131,23.092, 0.000, 0.000, 0.000, 3.645,-7.961, 3.645
8czk,ranked_839.pdb,vinardo,19.109, 29.163,  0.000,  0.000,  0.000,  2.505,-10.054,  2.505
8czk,ranked_840.pdb,vina,8.991,13.722, 0.000, 0.000, 0.000, 3.376,-4.731, 3.376
8czk,ranked_840.pdb,vinardo,1.881,18.132, 0.000, 0.000, 0.000, 2.203,-6.251, 2.203
8czk,ranked_841.pdb,vina,0.901,16.637, 0.000, 0.000, 0.000, 2.318,-5.736, 2.318
8czk,ranked_841.pdb,vinardo,4.473,22.087, 0.000, 0.000, 0.000, 1.437,-7.615, 1.437
8czk,ranked_842.pdb,vina,0.100,15.414, 0.000, 0.000, 0.000, 2.480,-5.314, 2.480
8czk,ranked_842.pdb,vinardo,3.450,20.527, 0.000, 0.000, 0.000, 1.567,-7.077, 1.567
8czk,ranked_843.pdb,vina,6.497, 9.916, 0.000, 0.000, 0.000, 3.822,-3.418, 3.822
8czk,ranked_843.pdb,vinardo,8.870,13.537, 0.000, 0.000, 0.000, 2.593,-4.667, 2.593
8czk,ranked_844.pdb,vina,5.823,24.148, 0.000, 0.000, 0.000, 2.314,-8.325, 2.314
8czk,ranked_844.pdb,vinardo,20.026, 30.563,  0.000,  0.000,  0.000,  1.422,-10.537,  1.422
8czk,ranked_845.pdb,vina,9.783,14.930, 0.000, 0.000, 0.000, 2.295,-5.147, 2.295
8czk,ranked_845.pdb,vinardo,3.220,20.176, 0.000, 0.000, 0.000, 1.393,-6.956, 1.393
8czk,ranked_846.pdb,vina,1.706,17.865, 0.000, 0.000, 0.000, 2.302,-6.159, 2.302
8czk,ranked_846.pdb,vinardo,5.449,23.577, 0.000, 0.000, 0.000, 1.445,-8.128, 1.445
8czk,ranked_847.pdb,vina,2.303,18.777, 0.000, 0.000, 0.000, 3.352,-6.473, 3.352
8czk,ranked_847.pdb,vinardo,5.696,23.954, 0.000, 0.000, 0.000, 2.190,-8.258, 2.190
8czk,ranked_848.pdb,vina,9.036,13.790, 0.000, 0.000, 0.000, 3.482,-4.754, 3.482
8czk,ranked_848.pdb,vinardo,2.052,18.393, 0.000, 0.000, 0.000, 2.326,-6.341, 2.326
8czk,ranked_849.pdb,vina,9.458,14.435, 0.000, 0.000, 0.000, 3.830,-4.976, 3.830
8czk,ranked_849.pdb,vinardo,2.579,19.197, 0.000, 0.000, 0.000, 2.615,-6.618, 2.615
8czk,ranked_850.pdb,vina,2.223,18.654, 0.000, 0.000, 0.000, 3.233,-6.431, 3.233
8czk,ranked_850.pdb,vinardo,5.811,24.129, 0.000, 0.000, 0.000, 2.156,-8.319, 2.156
8czk,ranked_851.pdb,vina,0.593,16.167, 0.000, 0.000, 0.000, 3.443,-5.573, 3.443
8czk,ranked_851.pdb,vinardo,3.480,20.572, 0.000, 0.000, 0.000, 2.288,-7.092, 2.288
8czk,ranked_852.pdb,vina,5.175,23.158, 0.000, 0.000, 0.000, 1.417,-7.984, 1.417
8czk,ranked_852.pdb,vinardo,19.327, 29.496,  0.000,  0.000,  0.000,  0.682,-10.169,  0.682
8czk,ranked_853.pdb,vina,0.517,16.050, 0.000, 0.000, 0.000, 4.551,-5.533, 4.551
8czk,ranked_853.pdb,vinardo,4.100,21.519, 0.000, 0.000, 0.000, 3.355,-7.419, 3.355
8czk,ranked_854.pdb,vina,9.131,13.935, 0.000, 0.000, 0.000, 3.563,-4.804, 3.563
8czk,ranked_854.pdb,vinardo,1.767,17.958, 0.000, 0.000, 0.000, 2.401,-6.191, 2.401
8czk,ranked_855.pdb,vina,9.755,14.888, 0.000, 0.000, 0.000, 2.096,-5.133, 2.096
8czk,ranked_855.pdb,vinardo,3.129,20.037, 0.000, 0.000, 0.000, 1.232,-6.908, 1.232
8czk,ranked_856.pdb,vina,25.994, 39.671,  0.000,  0.000,  0.000,  1.725,-13.677,  1.725
8czk,ranked_856.pdb,vinardo,30.872, 47.115,  0.000,  0.000,  0.000,  0.982,-16.243,  0.982
8czk,ranked_857.pdb,vina,2.706,19.391, 0.000, 0.000, 0.000, 3.463,-6.685, 3.463
8czk,ranked_857.pdb,vinardo,6.186,24.702, 0.000, 0.000, 0.000, 2.300,-8.516, 2.300
8czk,ranked_858.pdb,vina,8.552,13.052, 0.000, 0.000, 0.000, 4.542,-4.500, 4.542
8czk,ranked_858.pdb,vinardo,1.512,17.569, 0.000, 0.000, 0.000, 3.274,-6.057, 3.274
8czk,ranked_859.pdb,vina,9.853,15.037, 0.000, 0.000, 0.000, 3.545,-5.184, 3.545
8czk,ranked_859.pdb,vinardo,3.079,19.961, 0.000, 0.000, 0.000, 2.469,-6.882, 2.469
8czk,ranked_860.pdb,vina,1.381,17.369, 0.000, 0.000, 0.000, 3.589,-5.988, 3.589
8czk,ranked_860.pdb,vinardo,4.814,22.609, 0.000, 0.000, 0.000, 2.435,-7.794, 2.435
8czk,ranked_861.pdb,vina,7.307,26.412, 0.000, 0.000, 0.000, 2.869,-9.106, 2.869
8czk,ranked_861.pdb,vinardo,20.533, 31.337,  0.000,  0.000,  0.000,  1.754,-10.803,  1.754
8czk,ranked_862.pdb,vina,9.362,14.288, 0.000, 0.000, 0.000, 3.662,-4.926, 3.662
8czk,ranked_862.pdb,vinardo,2.535,19.131, 0.000, 0.000, 0.000, 2.553,-6.595, 2.553
8czk,ranked_863.pdb,vina,9.978,15.228, 0.000, 0.000, 0.000, 2.404,-5.250, 2.404
8czk,ranked_863.pdb,vinardo,3.362,20.392, 0.000, 0.000, 0.000, 1.508,-7.030, 1.508
8czk,ranked_864.pdb,vina,4.087,21.499, 0.000, 0.000, 0.000, 2.023,-7.412, 2.023
8czk,ranked_864.pdb,vinardo,8.102,27.627, 0.000, 0.000, 0.000, 1.173,-9.524, 1.173
8czk,ranked_865.pdb,vina,8.931,28.891, 0.000, 0.000, 0.000, 2.798,-9.960, 2.798
8czk,ranked_865.pdb,vinardo,23.477, 35.830,  0.000,  0.000,  0.000,  1.844,-12.352,  1.844
8czk,ranked_866.pdb,vina,0.196,15.561, 0.000, 0.000, 0.000, 2.765,-5.365, 2.765
8czk,ranked_866.pdb,vinardo,3.624,20.792, 0.000, 0.000, 0.000, 1.844,-7.168, 1.844
8czk,ranked_867.pdb,vina,5.959,24.355, 0.000, 0.000, 0.000, 3.331,-8.396, 3.331
8czk,ranked_867.pdb,vinardo,19.418, 29.635,  0.000,  0.000,  0.000,  2.192,-10.217,  2.192
8czk,ranked_868.pdb,vina,6.229,24.768, 0.000, 0.000, 0.000, 2.908,-8.539, 2.908
8czk,ranked_868.pdb,vinardo,19.924, 30.406,  0.000,  0.000,  0.000,  1.777,-10.483,  1.777
8czk,ranked_869.pdb,vina,2.481,19.048, 0.000, 0.000, 0.000, 3.477,-6.567, 3.477
8czk,ranked_869.pdb,vinardo,6.152,24.650, 0.000, 0.000, 0.000, 2.300,-8.498, 2.300
8czk,ranked_870.pdb,vina,4.194,21.662, 0.000, 0.000, 0.000, 4.525,-7.468, 4.525
8czk,ranked_870.pdb,vinardo,8.064,27.568, 0.000, 0.000, 0.000, 3.367,-9.504, 3.367
8czk,ranked_871.pdb,vina,3.488,20.585, 0.000, 0.000, 0.000, 3.103,-7.097, 3.103
8czk,ranked_871.pdb,vinardo,7.307,26.413, 0.000, 0.000, 0.000, 1.998,-9.106, 1.998
8czk,ranked_872.pdb,vina,6.201,24.725, 0.000, 0.000, 0.000, 2.054,-8.524, 2.054
8czk,ranked_872.pdb,vinardo,20.464, 31.231,  0.000,  0.000,  0.000,  1.229,-10.767,  1.229
8czk,ranked_873.pdb,vina,9.343,14.259, 0.000, 0.000, 0.000, 2.241,-4.916, 2.241
8czk,ranked_873.pdb,vinardo,2.812,19.553, 0.000, 0.000, 0.000, 1.379,-6.741, 1.379
8czk,ranked_874.pdb,vina,4.557,22.215, 0.000, 0.000, 0.000, 1.519,-7.659, 1.519
8czk,ranked_874.pdb,vinardo,8.722,28.572, 0.000, 0.000, 0.000, 0.770,-9.850, 0.770
8czk,ranked_875.pdb,vina,5.302,23.354, 0.000, 0.000, 0.000, 3.634,-8.051, 3.634
8czk,ranked_875.pdb,vinardo,8.954,28.926, 0.000, 0.000, 0.000, 2.442,-9.972, 2.442
8czk,ranked_876.pdb,vina,1.236,17.148, 0.000, 0.000, 0.000, 2.574,-5.912, 2.574
8czk,ranked_876.pdb,vinardo,4.817,22.613, 0.000, 0.000, 0.000, 1.666,-7.796, 1.666
8czk,ranked_877.pdb,vina,9.657,14.738, 0.000, 0.000, 0.000, 2.459,-5.081, 2.459
8czk,ranked_877.pdb,vinardo,3.263,20.241, 0.000, 0.000, 0.000, 1.562,-6.978, 1.562
8czk,ranked_878.pdb,vina,4.835,22.640, 0.000, 0.000, 0.000, 2.409,-7.805, 2.409
8czk,ranked_878.pdb,vinardo,8.861,28.785, 0.000, 0.000, 0.000, 1.530,-9.924, 1.530
8czk,ranked_879.pdb,vina,2.551,19.155, 0.000, 0.000, 0.000, 3.872,-6.604, 3.872
8czk,ranked_879.pdb,vinardo,6.063,24.514, 0.000, 0.000, 0.000, 2.677,-8.451, 2.677
8czk,ranked_880.pdb,vina,3.760,21.000, 0.000, 0.000, 0.000, 3.976,-7.240, 3.976
8czk,ranked_880.pdb,vinardo,7.255,26.334, 0.000, 0.000, 0.000, 2.707,-9.079, 2.707
8czk,ranked_881.pdb,vina,8.697,13.272, 0.000, 0.000, 0.000, 2.707,-4.576, 2.707
8czk,ranked_881.pdb,vinardo,1.832,18.058, 0.000, 0.000, 0.000, 1.785,-6.225, 1.785
8czk,ranked_882.pdb,vina,0.082,15.386, 0.000, 0.000, 0.000, 4.580,-5.304, 4.580
8czk,ranked_882.pdb,vinardo,3.091,19.979, 0.000, 0.000, 0.000, 3.389,-6.888, 3.389
8czk,ranked_883.pdb,vina,3.488,20.584, 0.000, 0.000, 0.000, 3.636,-7.096, 3.636
8czk,ranked_883.pdb,vinardo,7.049,26.019, 0.000, 0.000, 0.000, 2.459,-8.970, 2.459
8czk,ranked_884.pdb,vina,1.649,17.777, 0.000, 0.000, 0.000, 3.340,-6.129, 3.340
8czk,ranked_884.pdb,vinardo,4.758,22.523, 0.000, 0.000, 0.000, 2.198,-7.765, 2.198
8czk,ranked_885.pdb,vina,6.371,24.984, 0.000, 0.000, 0.000, 1.894,-8.613, 1.894
8czk,ranked_885.pdb,vinardo,20.914, 31.918,  0.000,  0.000,  0.000,  1.069,-11.004,  1.069
8czk,ranked_886.pdb,vina,0.281,15.690, 0.000, 0.000, 0.000, 3.846,-5.409, 3.846
8czk,ranked_886.pdb,vinardo,3.379,20.418, 0.000, 0.000, 0.000, 2.640,-7.039, 2.640
8czk,ranked_887.pdb,vina,4.761,22.528, 0.000, 0.000, 0.000, 3.322,-7.766, 3.322
8czk,ranked_887.pdb,vinardo,8.570,28.340, 0.000, 0.000, 0.000, 2.211,-9.770, 2.211
8czk,ranked_888.pdb,vina,8.045,12.277, 0.000, 0.000, 0.000, 4.309,-4.233, 4.309
8czk,ranked_888.pdb,vinardo,0.972,16.745, 0.000, 0.000, 0.000, 3.134,-5.773, 3.134
8czk,ranked_889.pdb,vina,2.736,19.438, 0.000, 0.000, 0.000, 3.575,-6.701, 3.575
8czk,ranked_889.pdb,vinardo,6.338,24.934, 0.000, 0.000, 0.000, 2.385,-8.596, 2.385
8czk,ranked_890.pdb,vina,0.471,15.980, 0.000, 0.000, 0.000, 4.109,-5.509, 4.109
8czk,ranked_890.pdb,vinardo,3.708,20.920, 0.000, 0.000, 0.000, 2.960,-7.212, 2.960
8czk,ranked_891.pdb,vina,8.069,12.314, 0.000, 0.000, 0.000, 3.626,-4.245, 3.626
8czk,ranked_891.pdb,vinardo,0.834,16.534, 0.000, 0.000, 0.000, 2.465,-5.700, 2.465
8czk,ranked_892.pdb,vina,25.745, 39.290,  0.000,  0.000,  0.000,  1.535,-13.545,  1.535
8czk,ranked_892.pdb,vinardo,30.935, 47.211,  0.000,  0.000,  0.000,  0.828,-16.276,  0.828
8czk,ranked_893.pdb,vina,28.981, 44.229,  0.000,  0.000,  0.000,  0.626,-15.248,  0.626
8czk,ranked_893.pdb,vinardo,33.649, 51.353,  0.000,  0.000,  0.000,  0.110,-17.704,  0.110
8czk,ranked_894.pdb,vina,3.433,20.501, 0.000, 0.000, 0.000, 4.068,-7.068, 4.068
8czk,ranked_894.pdb,vinardo,7.166,26.197, 0.000, 0.000, 0.000, 2.925,-9.031, 2.925
8czk,ranked_895.pdb,vina,7.771,11.860, 0.000, 0.000, 0.000, 4.518,-4.089, 4.518
8czk,ranked_895.pdb,vinardo,0.641,16.240, 0.000, 0.000, 0.000, 3.330,-5.599, 3.330
8czk,ranked_896.pdb,vina,2.188,18.600, 0.000, 0.000, 0.000, 3.969,-6.412, 3.969
8czk,ranked_896.pdb,vinardo,5.669,23.914, 0.000, 0.000, 0.000, 2.760,-8.244, 2.760
8czk,ranked_897.pdb,vina,21.847, 33.342,  0.000,  0.000,  0.000,  1.713,-11.495,  1.713
8czk,ranked_897.pdb,vinardo,26.643, 40.661,  0.000,  0.000,  0.000,  0.952,-14.018,  0.952
8czk,ranked_898.pdb,vina,29.683, 45.301,  0.000,  0.000,  0.000,  1.116,-15.618,  1.116
8czk,ranked_898.pdb,vinardo,35.147, 53.639,  0.000,  0.000,  0.000,  0.460,-18.492,  0.460
8czk,ranked_899.pdb,vina,2.057,18.401, 0.000, 0.000, 0.000, 2.592,-6.344, 2.592
8czk,ranked_899.pdb,vinardo,5.723,23.996, 0.000, 0.000, 0.000, 1.681,-8.273, 1.681
8czk,ranked_900.pdb,vina,8.560,13.063, 0.000, 0.000, 0.000, 4.037,-4.504, 4.037
8czk,ranked_900.pdb,vinardo,1.614,17.725, 0.000, 0.000, 0.000, 2.804,-6.111, 2.804
8czk,ranked_901.pdb,vina,5.950,24.342, 0.000, 0.000, 0.000, 2.845,-8.392, 2.845
8czk,ranked_901.pdb,vinardo,19.664, 30.010,  0.000,  0.000,  0.000,  1.735,-10.346,  1.735
8czk,ranked_902.pdb,vina,0.215,15.589, 0.000, 0.000, 0.000, 3.816,-5.374, 3.816
8czk,ranked_902.pdb,vinardo,3.384,20.426, 0.000, 0.000, 0.000, 2.594,-7.042, 2.594
8czk,ranked_903.pdb,vina,1.926,18.201, 0.000, 0.000, 0.000, 3.729,-6.275, 3.729
8czk,ranked_903.pdb,vinardo,5.314,23.371, 0.000, 0.000, 0.000, 2.523,-8.057, 2.523
8czk,ranked_904.pdb,vina,31.638, 48.284,  0.000,  0.000,  0.000,  0.923,-16.646,  0.923
8czk,ranked_904.pdb,vinardo,36.754, 56.092,  0.000,  0.000,  0.000,  0.351,-19.338,  0.351
8czk,ranked_905.pdb,vina,19.264, 29.399,  0.000,  0.000,  0.000,  3.180,-10.135,  3.180
8czk,ranked_905.pdb,vinardo,23.283, 35.533,  0.000,  0.000,  0.000,  1.999,-12.250,  1.999
8czk,ranked_906.pdb,vina,3.625,20.794, 0.000, 0.000, 0.000, 3.537,-7.169, 3.537
8czk,ranked_906.pdb,vinardo,7.231,26.297, 0.000, 0.000, 0.000, 2.356,-9.066, 2.356
8czk,ranked_907.pdb,vina,0.102,15.417, 0.000, 0.000, 0.000, 3.910,-5.315, 3.910
8czk,ranked_907.pdb,vinardo,3.391,20.436, 0.000, 0.000, 0.000, 2.691,-7.045, 2.691
8czk,ranked_908.pdb,vina,8.874,13.543, 0.000, 0.000, 0.000, 2.272,-4.669, 2.272
8czk,ranked_908.pdb,vinardo,2.238,18.677, 0.000, 0.000, 0.000, 1.388,-6.439, 1.388
8czk,ranked_909.pdb,vina,4.776,22.551, 0.000, 0.000, 0.000, 3.108,-7.774, 3.108
8czk,ranked_909.pdb,vinardo,8.531,28.281, 0.000, 0.000, 0.000, 1.989,-9.750, 1.989
8czk,ranked_910.pdb,vina,7.890,27.303, 0.000, 0.000, 0.000, 1.764,-9.413, 1.764
8czk,ranked_910.pdb,vinardo,22.468, 34.289,  0.000,  0.000,  0.000,  0.994,-11.821,  0.994
8czk,ranked_911.pdb,vina,33.941, 51.799,  0.000,  0.000,  0.000,  1.309,-17.858,  1.309
8czk,ranked_911.pdb,vinardo,39.371, 60.085,  0.000,  0.000,  0.000,  0.651,-20.715,  0.651
8czk,ranked_912.pdb,vina,19.179, 29.269,  0.000,  0.000,  0.000,  2.361,-10.091,  2.361
8czk,ranked_912.pdb,vinardo,23.565, 35.964,  0.000,  0.000,  0.000,  1.485,-12.399,  1.485
8czk,ranked_913.pdb,vina,34.842, 53.175,  0.000,  0.000,  0.000,  0.543,-18.332,  0.543
8czk,ranked_913.pdb,vinardo,3.981e+01, 6.075e+01, 0.000e+00, 0.000e+00, 0.000e+00, 3.900e-02,
 -2.094e+01, 3.900e-02
8czk,ranked_914.pdb,vina,1.814,18.030, 0.000, 0.000, 0.000, 3.343,-6.216, 3.343
8czk,ranked_914.pdb,vinardo,5.167,23.146, 0.000, 0.000, 0.000, 2.208,-7.980, 2.208
8czk,ranked_915.pdb,vina,26.956, 41.139,  0.000,  0.000,  0.000,  1.531,-14.183,  1.531
8czk,ranked_915.pdb,vinardo,31.932, 48.733,  0.000,  0.000,  0.000,  0.819,-16.801,  0.819
8czk,ranked_916.pdb,vina,6.717,25.512, 0.000, 0.000, 0.000, 2.008,-8.795, 2.008
8czk,ranked_916.pdb,vinardo,21.040, 32.111,  0.000,  0.000,  0.000,  1.209,-11.070,  1.209
8czk,ranked_917.pdb,vina,6.282,24.848, 0.000, 0.000, 0.000, 1.675,-8.567, 1.675
8czk,ranked_917.pdb,vinardo,20.617, 31.464,  0.000,  0.000,  0.000,  0.880,-10.847,  0.880
8czk,ranked_918.pdb,vina,22.832, 34.846,  0.000,  0.000,  0.000,  1.656,-12.013,  1.656
8czk,ranked_918.pdb,vinardo,27.552, 42.048,  0.000,  0.000,  0.000,  0.917,-14.496,  0.917
8czk,ranked_919.pdb,vina,4.194,21.663, 0.000, 0.000, 0.000, 1.987,-7.468, 1.987
8czk,ranked_919.pdb,vinardo,8.117,27.649, 0.000, 0.000, 0.000, 1.173,-9.532, 1.173
8czk,ranked_920.pdb,vina,9.019,13.765, 0.000, 0.000, 0.000, 3.604,-4.745, 3.604
8czk,ranked_920.pdb,vinardo,1.926,18.200, 0.000, 0.000, 0.000, 2.433,-6.275, 2.433
8czk,ranked_921.pdb,vina,9.425,14.383, 0.000, 0.000, 0.000, 2.170,-4.959, 2.170
8czk,ranked_921.pdb,vinardo,2.665,19.329, 0.000, 0.000, 0.000, 1.285,-6.664, 1.285
8czk,ranked_922.pdb,vina,5.065,22.991, 0.000, 0.000, 0.000, 4.066,-7.926, 4.066
8czk,ranked_922.pdb,vinardo,19.022, 29.031,  0.000,  0.000,  0.000,  2.849,-10.008,  2.849
8czk,ranked_923.pdb,vina,0.460,15.963, 0.000, 0.000, 0.000, 2.190,-5.503, 2.190
8czk,ranked_923.pdb,vinardo,3.979,21.334, 0.000, 0.000, 0.000, 1.337,-7.355, 1.337
8czk,ranked_924.pdb,vina,4.301,21.825, 0.000, 0.000, 0.000, 3.365,-7.524, 3.365
8czk,ranked_924.pdb,vinardo,7.842,27.229, 0.000, 0.000, 0.000, 2.202,-9.387, 2.202
8czk,ranked_925.pdb,vina,2.224,18.656, 0.000, 0.000, 0.000, 2.234,-6.432, 2.234
8czk,ranked_925.pdb,vinardo,6.033,24.469, 0.000, 0.000, 0.000, 1.349,-8.436, 1.349
8czk,ranked_926.pdb,vina,26.109, 39.846,  0.000,  0.000,  0.000,  2.997,-13.737,  2.997
8czk,ranked_926.pdb,vinardo,30.804, 47.011,  0.000,  0.000,  0.000,  1.873,-16.207,  1.873
8czk,ranked_927.pdb,vina,8.275,27.890, 0.000, 0.000, 0.000, 1.892,-9.615, 1.892
8czk,ranked_927.pdb,vinardo,22.591, 34.477,  0.000,  0.000,  0.000,  1.111,-11.886,  1.111
8czk,ranked_928.pdb,vina,1.235,17.147, 0.000, 0.000, 0.000, 2.794,-5.911, 2.794
8czk,ranked_928.pdb,vinardo,4.817,22.613, 0.000, 0.000, 0.000, 1.848,-7.796, 1.848
8czk,ranked_929.pdb,vina,4.526,22.169, 0.000, 0.000, 0.000, 2.197,-7.643, 2.197
8czk,ranked_929.pdb,vinardo,8.531,28.281, 0.000, 0.000, 0.000, 1.339,-9.750, 1.339
8czk,ranked_930.pdb,vina,6.274,24.836, 0.000, 0.000, 0.000, 1.543,-8.562, 1.543
8czk,ranked_930.pdb,vinardo,20.597, 31.434,  0.000,  0.000,  0.000,  0.779,-10.837,  0.779
8czk,ranked_931.pdb,vina,7.535,26.761, 0.000, 0.000, 0.000, 2.306,-9.226, 2.306
8czk,ranked_931.pdb,vinardo,21.744, 33.185,  0.000,  0.000,  0.000,  1.455,-11.440,  1.455
8czk,ranked_932.pdb,vina,8.304,27.935, 0.000, 0.000, 0.000, 1.736,-9.631, 1.736
8czk,ranked_932.pdb,vinardo,22.784, 34.772,  0.000,  0.000,  0.000,  0.967,-11.988,  0.967
8czk,ranked_933.pdb,vina,0.610,16.192, 0.000, 0.000, 0.000, 3.861,-5.582, 3.861
8czk,ranked_933.pdb,vinardo,3.802,21.064, 0.000, 0.000, 0.000, 2.665,-7.262, 2.665
8czk,ranked_934.pdb,vina,7.263,26.345, 0.000, 0.000, 0.000, 3.082,-9.083, 3.082
8czk,ranked_934.pdb,vinardo,21.238, 32.412,  0.000,  0.000,  0.000,  1.953,-11.174,  1.953
8czk,ranked_935.pdb,vina,2.479,19.045, 0.000, 0.000, 0.000, 3.910,-6.566, 3.910
8czk,ranked_935.pdb,vinardo,6.205,24.732, 0.000, 0.000, 0.000, 2.780,-8.526, 2.780
8czk,ranked_936.pdb,vina,4.709,22.448, 0.000, 0.000, 0.000, 3.122,-7.739, 3.122
8czk,ranked_936.pdb,vinardo,8.254,27.858, 0.000, 0.000, 0.000, 2.001,-9.604, 2.001
8czk,ranked_937.pdb,vina,8.940,28.905, 0.000, 0.000, 0.000, 3.157,-9.965, 3.157
8czk,ranked_937.pdb,vinardo,22.630, 34.537,  0.000,  0.000,  0.000,  2.005,-11.907,  2.005
8czk,ranked_938.pdb,vina,9.942,15.172, 0.000, 0.000, 0.000, 2.287,-5.231, 2.287
8czk,ranked_938.pdb,vinardo,3.391,20.436, 0.000, 0.000, 0.000, 1.401,-7.046, 1.401
8czk,ranked_939.pdb,vina,1.720,17.886, 0.000, 0.000, 0.000, 3.691,-6.166, 3.691
8czk,ranked_939.pdb,vinardo,5.072,23.003, 0.000, 0.000, 0.000, 2.535,-7.930, 2.535
8czk,ranked_940.pdb,vina,4.727,22.475, 0.000, 0.000, 0.000, 3.163,-7.748, 3.163
8czk,ranked_940.pdb,vinardo,8.154,27.705, 0.000, 0.000, 0.000, 2.016,-9.551, 2.016
8czk,ranked_941.pdb,vina,29.632, 45.222,  0.000,  0.000,  0.000,  1.329,-15.590,  1.329
8czk,ranked_941.pdb,vinardo,34.684, 52.933,  0.000,  0.000,  0.000,  0.629,-18.249,  0.629
8czk,ranked_942.pdb,vina,6.085,24.547, 0.000, 0.000, 0.000, 1.748,-8.463, 1.748
8czk,ranked_942.pdb,vinardo,20.343, 31.046,  0.000,  0.000,  0.000,  0.971,-10.703,  0.971
8czk,ranked_943.pdb,vina,0.323,15.754, 0.000, 0.000, 0.000, 2.175,-5.431, 2.175
8czk,ranked_943.pdb,vinardo,3.819,21.089, 0.000, 0.000, 0.000, 1.313,-7.271, 1.313
8czk,ranked_944.pdb,vina,1.160,17.031, 0.000, 0.000, 0.000, 3.303,-5.872, 3.303
8czk,ranked_944.pdb,vinardo,4.309,21.838, 0.000, 0.000, 0.000, 2.149,-7.529, 2.149
8czk,ranked_945.pdb,vina,1.303,17.250, 0.000, 0.000, 0.000, 2.728,-5.947, 2.728
8czk,ranked_945.pdb,vinardo,4.908,22.751, 0.000, 0.000, 0.000, 1.793,-7.843, 1.793
8czk,ranked_946.pdb,vina,3.389,20.434, 0.000, 0.000, 0.000, 3.114,-7.044, 3.114
8czk,ranked_946.pdb,vinardo,6.986,25.923, 0.000, 0.000, 0.000, 1.991,-8.937, 1.991
8czk,ranked_947.pdb,vina,9.962,15.203, 0.000, 0.000, 0.000, 2.231,-5.241, 2.231
8czk,ranked_947.pdb,vinardo,3.280,20.267, 0.000, 0.000, 0.000, 1.366,-6.987, 1.366
8czk,ranked_948.pdb,vina,8.639,28.445, 0.000, 0.000, 0.000, 1.725,-9.807, 1.725
8czk,ranked_948.pdb,vinardo,23.067, 35.204,  0.000,  0.000,  0.000,  0.949,-12.137,  0.949
8czk,ranked_949.pdb,vina,5.055,22.975, 0.000, 0.000, 0.000, 2.163,-7.921, 2.163
8czk,ranked_949.pdb,vinardo,8.969,28.949, 0.000, 0.000, 0.000, 1.304,-9.980, 1.304
8czk,ranked_950.pdb,vina,4.055,21.449, 0.000, 0.000, 0.000, 2.441,-7.395, 2.441
8czk,ranked_950.pdb,vinardo,7.905,27.325, 0.000, 0.000, 0.000, 1.544,-9.420, 1.544
8czk,ranked_951.pdb,vina,7.309,11.155, 0.000, 0.000, 0.000, 4.635,-3.846, 4.635
8czk,ranked_951.pdb,vinardo,0.079,15.382, 0.000, 0.000, 0.000, 3.437,-5.303, 3.437
8czk,ranked_952.pdb,vina,0.190,15.551, 0.000, 0.000, 0.000, 3.830,-5.361, 3.830
8czk,ranked_952.pdb,vinardo,3.283,20.272, 0.000, 0.000, 0.000, 2.636,-6.989, 2.636
8czk,ranked_953.pdb,vina,4.659,22.372, 0.000, 0.000, 0.000, 3.494,-7.713, 3.494
8czk,ranked_953.pdb,vinardo,8.312,27.947, 0.000, 0.000, 0.000, 2.318,-9.635, 2.318
8czk,ranked_954.pdb,vina,3.540,20.664, 0.000, 0.000, 0.000, 3.386,-7.124, 3.386
8czk,ranked_954.pdb,vinardo,7.120,26.127, 0.000, 0.000, 0.000, 2.225,-9.007, 2.225
8czk,ranked_955.pdb,vina,4.210,21.687, 0.000, 0.000, 0.000, 3.220,-7.476, 3.220
8czk,ranked_955.pdb,vinardo,7.399,26.554, 0.000, 0.000, 0.000, 2.089,-9.154, 2.089
8czk,ranked_956.pdb,vina,2.405,18.932, 0.000, 0.000, 0.000, 4.555,-6.527, 4.555
8czk,ranked_956.pdb,vinardo,5.900,24.265, 0.000, 0.000, 0.000, 3.371,-8.365, 3.371
8czk,ranked_957.pdb,vina,1.739,17.916, 0.000, 0.000, 0.000, 2.675,-6.177, 2.675
8czk,ranked_957.pdb,vinardo,5.452,23.582, 0.000, 0.000, 0.000, 1.747,-8.130, 1.747
8czk,ranked_958.pdb,vina,2.151,18.543, 0.000, 0.000, 0.000, 3.636,-6.393, 3.636
8czk,ranked_958.pdb,vinardo,5.581,23.779, 0.000, 0.000, 0.000, 2.454,-8.198, 2.454
8czk,ranked_959.pdb,vina,4.617,22.308, 0.000, 0.000, 0.000, 3.108,-7.691, 3.108
8czk,ranked_959.pdb,vinardo,8.136,27.678, 0.000, 0.000, 0.000, 1.944,-9.542, 1.944
8czk,ranked_960.pdb,vina,2.347,18.843, 0.000, 0.000, 0.000, 2.100,-6.496, 2.100
8czk,ranked_960.pdb,vinardo,6.135,24.625, 0.000, 0.000, 0.000, 1.243,-8.489, 1.243
8czk,ranked_961.pdb,vina,7.064,10.780, 0.000, 0.000, 0.000, 3.567,-3.716, 3.567
8czk,ranked_961.pdb,vinardo,9.772,14.913, 0.000, 0.000, 0.000, 2.379,-5.141, 2.379
8czk,ranked_962.pdb,vina,8.783,13.404, 0.000, 0.000, 0.000, 3.199,-4.621, 3.199
8czk,ranked_962.pdb,vinardo,1.733,17.906, 0.000, 0.000, 0.000, 2.099,-6.173, 2.099
8czk,ranked_963.pdb,vina,2.441,18.987, 0.000, 0.000, 0.000, 3.354,-6.546, 3.354
8czk,ranked_963.pdb,vinardo,5.881,24.237, 0.000, 0.000, 0.000, 2.195,-8.356, 2.195
8czk,ranked_964.pdb,vina,1.402,17.401, 0.000, 0.000, 0.000, 3.641,-5.999, 3.641
8czk,ranked_964.pdb,vinardo,4.570,22.236, 0.000, 0.000, 0.000, 2.446,-7.666, 2.446
8czk,ranked_965.pdb,vina,4.414,21.998, 0.000, 0.000, 0.000, 3.828,-7.584, 3.828
8czk,ranked_965.pdb,vinardo,8.132,27.672, 0.000, 0.000, 0.000, 2.611,-9.540, 2.611
8czk,ranked_966.pdb,vina,0.240,15.627, 0.000, 0.000, 0.000, 3.888,-5.387, 3.888
8czk,ranked_966.pdb,vinardo,3.489,20.586, 0.000, 0.000, 0.000, 2.709,-7.097, 2.709
8czk,ranked_967.pdb,vina,9.608,14.662, 0.000, 0.000, 0.000, 2.820,-5.055, 2.820
8czk,ranked_967.pdb,vinardo,2.881,19.658, 0.000, 0.000, 0.000, 1.872,-6.777, 1.872
8czk,ranked_968.pdb,vina,3.534,20.654, 0.000, 0.000, 0.000, 3.378,-7.121, 3.378
8czk,ranked_968.pdb,vinardo,7.013,25.965, 0.000, 0.000, 0.000, 2.243,-8.951, 2.243
8czk,ranked_969.pdb,vina,7.916,27.342, 0.000, 0.000, 0.000, 1.529,-9.426, 1.529
8czk,ranked_969.pdb,vinardo,22.492, 34.326,  0.000,  0.000,  0.000,  0.806,-11.834,  0.806
8czk,ranked_970.pdb,vina,27.673, 42.233,  0.000,  0.000,  0.000,  1.313,-14.560,  1.313
8czk,ranked_970.pdb,vinardo,32.728, 49.948,  0.000,  0.000,  0.000,  0.643,-17.220,  0.643
8czk,ranked_971.pdb,vina,31.358, 47.857,  0.000,  0.000,  0.000,  1.161,-16.499,  1.161
8czk,ranked_971.pdb,vinardo,36.187, 55.226,  0.000,  0.000,  0.000,  0.503,-19.039,  0.503
8czk,ranked_972.pdb,vina,4.861,22.681, 0.000, 0.000, 0.000, 4.010,-7.819, 4.010
8czk,ranked_972.pdb,vinardo,8.834,28.744, 0.000, 0.000, 0.000, 2.854,-9.909, 2.854
8czk,ranked_973.pdb,vina,4.692, 7.160, 0.000, 0.000, 0.000, 4.434,-2.468, 4.434
8czk,ranked_973.pdb,vinardo,6.636,10.128, 0.000, 0.000, 0.000, 3.161,-3.492, 3.161
8czk,ranked_974.pdb,vina,6.994,10.675, 0.000, 0.000, 0.000, 4.221,-3.680, 4.221
8czk,ranked_974.pdb,vinardo,9.532,14.547, 0.000, 0.000, 0.000, 3.055,-5.015, 3.055
8czk,ranked_975.pdb,vina,8.587,28.367, 0.000, 0.000, 0.000, 1.510,-9.780, 1.510
8czk,ranked_975.pdb,vinardo,23.047, 35.173,  0.000,  0.000,  0.000,  0.775,-12.126,  0.775
8czk,ranked_976.pdb,vina,1.535,17.604, 0.000, 0.000, 0.000, 3.926,-6.069, 3.926
8czk,ranked_976.pdb,vinardo,5.117,23.070, 0.000, 0.000, 0.000, 2.789,-7.953, 2.789
8czk,ranked_977.pdb,vina,9.044,13.802, 0.000, 0.000, 0.000, 3.429,-4.758, 3.429
8czk,ranked_977.pdb,vinardo,2.008,18.326, 0.000, 0.000, 0.000, 2.271,-6.318, 2.271
8czk,ranked_978.pdb,vina,6.824,25.675, 0.000, 0.000, 0.000, 1.772,-8.852, 1.772
8czk,ranked_978.pdb,vinardo,21.172, 32.312,  0.000,  0.000,  0.000,  0.999,-11.140,  0.999
8czk,ranked_979.pdb,vina,5.275,23.311, 0.000, 0.000, 0.000, 4.138,-8.037, 4.138
8czk,ranked_979.pdb,vinardo,19.153, 29.229,  0.000,  0.000,  0.000,  2.907,-10.077,  2.907
8czk,ranked_980.pdb,vina,8.853,13.512, 0.000, 0.000, 0.000, 3.920,-4.658, 3.920
8czk,ranked_980.pdb,vinardo,1.608,17.716, 0.000, 0.000, 0.000, 2.751,-6.108, 2.751
8czk,ranked_981.pdb,vina,22.901, 34.950,  0.000,  0.000,  0.000,  1.429,-12.049,  1.429
8czk,ranked_981.pdb,vinardo,27.527, 42.010,  0.000,  0.000,  0.000,  0.701,-14.483,  0.701
8czk,ranked_982.pdb,vina,8.490,12.956, 0.000, 0.000, 0.000, 4.268,-4.467, 4.268
8czk,ranked_982.pdb,vinardo,1.506,17.560, 0.000, 0.000, 0.000, 3.051,-6.054, 3.051
8czk,ranked_983.pdb,vina,0.049,15.337, 0.000, 0.000, 0.000, 1.916,-5.287, 1.916
8czk,ranked_983.pdb,vinardo,3.546,20.673, 0.000, 0.000, 0.000, 1.068,-7.127, 1.068
8czk,ranked_984.pdb,vina,1.463,17.495, 0.000, 0.000, 0.000, 3.410,-6.031, 3.410
8czk,ranked_984.pdb,vinardo,4.905,22.748, 0.000, 0.000, 0.000, 2.235,-7.842, 2.235
8czk,ranked_985.pdb,vina,0.441,15.934, 0.000, 0.000, 0.000, 2.622,-5.493, 2.622
8czk,ranked_985.pdb,vinardo,4.178,21.637, 0.000, 0.000, 0.000, 1.748,-7.460, 1.748
8czk,ranked_986.pdb,vina,5.559,23.745, 0.000, 0.000, 0.000, 2.733,-8.186, 2.733
8czk,ranked_986.pdb,vinardo,19.120, 29.179,  0.000,  0.000,  0.000,  1.649,-10.060,  1.649
8czk,ranked_987.pdb,vina,2.198,18.616, 0.000, 0.000, 0.000, 4.827,-6.418, 4.827
8czk,ranked_987.pdb,vinardo,5.593,23.797, 0.000, 0.000, 0.000, 3.610,-8.204, 3.610
8czk,ranked_988.pdb,vina,9.220,14.072, 0.000, 0.000, 0.000, 2.433,-4.851, 2.433
8czk,ranked_988.pdb,vinardo,2.456,19.009, 0.000, 0.000, 0.000, 1.527,-6.554, 1.527
8czk,ranked_989.pdb,vina,1.657,17.791, 0.000, 0.000, 0.000, 4.264,-6.133, 4.264
8czk,ranked_989.pdb,vinardo,5.139,23.104, 0.000, 0.000, 0.000, 3.090,-7.965, 3.090
8czk,ranked_990.pdb,vina,8.075,12.323, 0.000, 0.000, 0.000, 2.042,-4.248, 2.042
8czk,ranked_990.pdb,vinardo,1.355,17.330, 0.000, 0.000, 0.000, 1.187,-5.974, 1.187
8czk,ranked_991.pdb,vina,2.621,19.261, 0.000, 0.000, 0.000, 4.099,-6.640, 4.099
8czk,ranked_991.pdb,vinardo,6.091,24.557, 0.000, 0.000, 0.000, 2.885,-8.466, 2.885
8czk,ranked_992.pdb,vina,1.207,17.103, 0.000, 0.000, 0.000, 2.152,-5.896, 2.152
8czk,ranked_992.pdb,vinardo,4.725,22.472, 0.000, 0.000, 0.000, 1.293,-7.747, 1.293
8czk,ranked_993.pdb,vina,1.895,18.153, 0.000, 0.000, 0.000, 4.047,-6.258, 4.047
8czk,ranked_993.pdb,vinardo,4.930,22.785, 0.000, 0.000, 0.000, 2.820,-7.855, 2.820
8czk,ranked_994.pdb,vina,9.926,15.149, 0.000, 0.000, 0.000, 2.667,-5.223, 2.667
8czk,ranked_994.pdb,vinardo,3.225,20.183, 0.000, 0.000, 0.000, 1.717,-6.958, 1.717
8czk,ranked_995.pdb,vina,9.511,14.515, 0.000, 0.000, 0.000, 2.846,-5.004, 2.846
8czk,ranked_995.pdb,vinardo,2.514,19.099, 0.000, 0.000, 0.000, 1.884,-6.584, 1.884
8czk,ranked_996.pdb,vina,3.682,20.881, 0.000, 0.000, 0.000, 2.264,-7.199, 2.264
8czk,ranked_996.pdb,vinardo,7.522,26.741, 0.000, 0.000, 0.000, 1.393,-9.219, 1.393
8czk,ranked_997.pdb,vina,27.321, 41.696,  0.000,  0.000,  0.000,  1.860,-14.375,  1.860
8czk,ranked_997.pdb,vinardo,32.411, 49.463,  0.000,  0.000,  0.000,  1.072,-17.052,  1.072
8czk,ranked_998.pdb,vina,3.189,20.129, 0.000, 0.000, 0.000, 1.991,-6.939, 1.991
8czk,ranked_998.pdb,vinardo,6.949,25.867, 0.000, 0.000, 0.000, 1.130,-8.918, 1.130
8czk,ranked_999.pdb,vina,2.463,19.020, 0.000, 0.000, 0.000, 1.972,-6.557, 1.972
8czk,ranked_999.pdb,vinardo,6.289,24.860, 0.000, 0.000, 0.000, 1.149,-8.570, 1.149
